100.0
100.0
100.0
100.0
56.99443244
56.99443244
56.99443244
56.99443244
293.5869317
2.250353569
2.250353569
293.5869317
293.5869317
56.99443244
293.5869317
10.55990395
293.5869317
2.250353569
10.55990395
126.3658863
2.250353569
100.0
10.55990395
100.0
293.5869317
56.99443244
2.250353569
100.0
126.3658863
10.55990395
2.250353569
10.55990395
10.55990395
56.99443244
0.058384391
293.5869317
293.5869317
100.0
0.058384391
2.250353569
10.55990395
100.0
0.058384391
0.058384391
100.0
10.55990395
126.3658863
0
126.3658863
10.55990395
126.3658863
0.000391313
2.250353569
0.058384391
10.55990395
56.99443244
10.55990395
0
100.0
126.3658863
10.55990395
0
126.3658863
0.058384391
293.5869317
0
2.250353569
0.000391313
56.99443244
0
0.058384391
0
56.99443244
0
0.058384391
0
56.99443244
0
10.55990395
0
100.0
0
56.99443244
0
100.0
0
10.55990395
0
293.5869317
0.058384391
0.058384391
0
100.0
126.3658863
0.000391313
0
126.3658863
10.55990395
0
0
100.0
0.058384391
0.058384391
0
56.99443244
0.058384391
0.000391313
0
126.3658863
0
0
0
56.99443244
0
0.000391313
0
56.99443244
0
0.000391313
0
126.3658863
0
0.058384391
0
100.0
0
0.000391313
0
100.0
0
0.000391313
0
56.99443244
0
0.058384391
0
56.99443244
0
0.058384391
0
56.99443244
0
0
0
10.55990395
0
0
0
100.0
0
0
0
100.0
0
0
0
56.99443244
0
0
0
2.250353569
0
0
0
126.3658863
0
0
0
126.3658863
0
0
0
56.99443244
0
0
0
10.55990395
0
0
0
126.3658863
0
0
0
293.5869317
0
0
0.058384391
56.99443244
0
0
2.250353569
10.55990395
0
0
10.55990395
10.55990395
0
0
10.55990395
2.250353569
0
0
10.55990395
293.5869317
0
0
56.99443244
56.99443244
0
0
126.3658863
100.0
0
0
100.0
56.99443244
0
0
100.0
56.99443244
0
0
100.0
56.99443244
0
0
100.0
56.99443244
0
0
56.99443244
126.3658863
0
0
56.99443244
56.99443244
0
0
56.99443244
126.3658863
0
0
126.3658863
56.99443244
0
0
100.0
10.55990395
0
0
10.55990395
100.0
0
0
293.5869317
56.99443244
0
0
56.99443244
56.99443244
0
0
126.3658863
100.0
0
0
56.99443244
126.3658863
0
0
100.0
56.99443244
0
0
10.55990395
126.3658863
0
0
100.0
56.99443244
0
0
56.99443244
56.99443244
0
0
100.0
56.99443244
0
0
100.0
56.99443244
0
0
100.0
56.99443244
0
0
126.3658863
10.55990395
0
0
100.0
126.3658863
0
0
100.0
100.0
0
0
56.99443244
126.3658863
0
0
56.99443244
126.3658863
0
0
56.99443244
126.3658863
0
0
56.99443244
126.3658863
0
0
100.0
100.0
0
0
10.55990395
56.99443244
0
0
126.3658863
56.99443244
0
0
56.99443244
56.99443244
0
0
100.0
56.99443244
0
0
56.99443244
56.99443244
0
0
56.99443244
56.99443244
0
0
126.3658863
56.99443244
0
0
100.0
56.99443244
0
0
126.3658863
126.3658863
0
0
100.0
56.99443244
0
0
56.99443244
126.3658863
0
0
56.99443244
56.99443244
0
0
56.99443244
100.0
0
0
126.3658863
56.99443244
0
0
126.3658863
56.99443244
0
0
56.99443244
100.0
0
0
56.99443244
100.0
0
0
56.99443244
126.3658863
0
0
56.99443244
56.99443244
0
0
56.99443244
100.0
0
0
100.0
56.99443244
0
0
100.0
56.99443244
0
0
56.99443244
100.0
0
0
56.99443244
