1 1 7 22 22 5
1 2 7 22 22 15
1 3 7 22 22 25
1 4 7 22 22 35
1 5 7 22 22 45
2 1 7 22.2289 21.4015 4.53599
2 2 7 22.2685 21.4448 14.7541
2 3 7 22.2351 21.4445 24.9796
2 4 7 22.2322 21.3497 35.2229
2 5 7 22.2108 21.3542 45.4579
3 1 7 23.2114 20.4967 4.4523
3 2 7 23.7292 20.5784 14.181
3 3 7 23.5561 19.5845 25.3331
3 4 7 23.1021 20.6682 36.7965
3 5 7 22.8793 19.7646 46.4407
4 1 7 25.0425 21.6158 6.33821
4 2 7 23.7358 20.3044 15.8952
4 3 7 24.1227 20.6744 26.1749
4 4 7 23.9863 21.4325 35.8435
4 5 7 23.8402 19.6873 46.5178
5 1 7 24.0151 22.785 7.10453
5 2 7 23.2136 19.0777 16.1552
5 3 7 24.9015 22.8305 26.5148
5 4 7 23.1173 22.8367 37.2629
5 5 7 24.1639 18.971 46.391
6 1 7 24.6115 23.6781 6.30972
6 2 7 22.8428 20.2366 16.8903
6 3 7 24.2115 22.9449 26.4527
6 4 7 22.7089 23.7487 36.7443
6 5 7 24.0229 19.254 45.6702
7 1 7 26.3219 22.8049 7.64663
7 2 7 20.9421 20.6274 15.3267
7 3 7 24.6716 21.7249 24.954
7 4 7 22.707 23.8918 35.7525
7 5 7 24.0923 19.0935 44.504
8 1 7 25.6272 21.4696 8.07951
8 2 7 19.0267 19.8341 15.2062
8 3 7 24.3667 19.3871 24.2649
8 4 7 23.7902 23.0602 35.2023
8 5 7 24.361 19.5708 45.1312
9 1 7 25.6062 21.8142 8.04066
9 2 7 18.1769 20.7231 15.4408
9 3 7 23.2284 18.7186 24.0321
9 4 7 23.3417 21.4038 35.6174
9 5 7 24.8414 21.0721 45.2729
10 1 7 25.4536 21.3865 8.025
10 2 7 18.215 20.6728 14.6217
10 3 7 22.8416 19.5648 23.5269
10 4 7 22.9789 21.2062 35.8789
10 5 7 24.4444 21.6567 47.3334
11 1 7 24.9385 19.9091 7.33428
11 2 7 17.6121 19.672 15.3355
11 3 7 21.3883 21.7141 24.4334
11 4 7 24.33 20.6598 36.0494
11 5 7 23.1779 21.8188 48.3214
12 1 7 23.2631 18.8345 6.90334
12 2 7 17.8506 20.9091 15.0944
12 3 7 20.3253 22.1412 25.1573
12 4 7 23.4936 21.175 34.523
12 5 7 23.0528 20.6038 48.8511
13 1 7 24.0221 19.1749 6.32952
13 2 7 19.9459 20.0358 15.2905
13 3 7 19.3436 21.1485 26
13 4 7 23.1286 21.0381 35.1484
13 5 7 20.4576 20.557 48.1136
14 1 7 24.081 19.0015 4.7222
14 2 7 20.5104 20.8515 15.4669
14 3 7 18.7358 20.5005 27.1785
14 4 7 23.1335 21.6426 37.0641
14 5 7 19.768 21.2488 46.8554
15 1 7 23.1943 19.1817 4.82124
15 2 7 19.5682 20.6142 14.8087
15 3 7 18.2974 21.8735 28.6562
15 4 7 23.7212 21.5318 37.0995
15 5 7 20.2832 21.2413 46.4244
16 1 7 23.6996 18.3853 4.88135
16 2 7 18.9259 20.2604 14.3888
16 3 7 16.9989 21.804 29.3583
16 4 7 23.8956 21.6212 36.5554
16 5 7 20.5617 21.4272 47.8461
17 1 7 24.5551 17.3961 5.9292
17 2 7 18.9772 19.8868 13.6061
17 3 7 15.1307 23.9188 28.1656
17 4 7 23.7074 22.6885 34.9531
17 5 7 21.5657 22.6085 48.2091
18 1 7 25.1941 17.7508 6.49256
18 2 7 18.7742 18.4251 14.3654
18 3 7 14.8117 24.964 26.3225
18 4 7 24.8823 22.6257 33.1821
18 5 7 22.7947 21.9102 49.1377
19 1 7 25.9252 19.4081 8.13528
19 2 7 17.9493 17.585 14.2408
19 3 7 15.2936 25.1956 26.6399
19 4 7 25.4755 24.6942 33.091
19 5 7 23.3792 20.9776 49.406
20 1 7 25.5873 20.7294 8.89096
20 2 7 17.4391 16.9836 14.2073
20 3 7 15.0701 24.6595 28.6566
20 4 7 24.7823 26.2002 33.0142
20 5 7 23.8375 18.8131 50.9269
21 1 7 25.6291 20.2388 9.98342
21 2 7 17.1217 16.7473 14.0075
21 3 7 16.2372 23.5417 28.8346
21 4 7 25.2718 27.1 32.3882
21 5 7 22.1216 17.7534 0.380384
22 1 7 25.4068 18.7876 11.1787
22 2 7 16.0621 17.2024 14.4027
22 3 7 16.2288 23.9031 28.5243
22 4 7 24.848 27.4612 33.4075
22 5 7 22.1305 17.774 0.436332
23 1 7 23.8229 18.0362 11.4853
23 2 7 15.3134 19.5668 16.099
23 3 7 15.8081 23.8839 27.5235
23 4 7 25.3326 27.5829 33.6802
23 5 7 22.7507 19.0513 1.55675
24 1 7 24.1582 18.5321 11.9976
24 2 7 15.2527 20.3693 16.1943
24 3 7 15.3719 22.3369 25.8414
24 4 7 24.8892 27.2784 33.1722
24 5 7 21.9049 18.6443 2.57211
25 1 7 24.2392 19.3072 10.9961
25 2 7 14.8156 19.3803 14.0136
25 3 7 15.9449 21.4244 24.6299
25 4 7 25.4653 26.4035 33.1575
25 5 7 20.7887 18.7697 1.94729
26 1 7 24.3721 21.4812 9.91906
26 2 7 15.3314 18.5694 13.2791
26 3 7 16.3106 21.6142 24.5907
26 4 7 24.365 24.1151 33.3834
26 5 7 19.7805 19.6613 0.89582
27 1 7 24.0327 22.8025 8.72964
27 2 7 15.361 19.1764 12.8783
27 3 7 15.7888 21.7674 25.131
27 4 7 24.505 22.7077 34.4625
27 5 7 18.6669 19.6852 0.296944
28 1 7 22.9433 23.0097 7.5624
28 2 7 14.9032 19.0661 11.8336
28 3 7 15.65 21.7351 25.348
28 4 7 24.4461 22.2343 36.3311
28 5 7 17.4136 18.5877 0.742125
29 1 7 23.1839 23.7073 6.71298
29 2 7 15.2782 18.6577 11.2101
29 3 7 16.1332 21.8957 26.4978
29 4 7 23.8783 20.4844 37.477
29 5 7 15.8614 20.5107 0.977087
30 1 7 23.3772 24.3478 7.49559
30 2 7 15.0434 18.9722 10.6592
30 3 7 16.8472 20.779 27.6028
30 4 7 23.6386 19.5922 39.0806
30 5 7 16.0987 21.6391 1.05422
31 1 7 22.6047 24.8686 8.11508
31 2 7 14.5433 19.5075 10.4563
31 3 7 17.115 21.0465 29.6019
31 4 7 23.8705 18.8776 40.0015
31 5 7 16.1872 20.825 0.829063
32 1 7 22.3851 25.1788 7.76044
32 2 7 14.1733 20.4029 10.8286
32 3 7 16.251 21.7466 29.4792
32 4 7 24.551 18.6459 39.3439
32 5 7 15.7338 21.5553 1.09939
33 1 7 23.1323 25.2131 7.21146
33 2 7 14.5599 21.2395 10.7111
33 3 7 15.9281 21.2822 28.4669
33 4 7 24.1053 18.3568 38.7283
33 5 7 15.1985 21.3968 0.737094
34 1 7 23.238 24.5403 6.41159
34 2 7 14.4716 21.2184 10.5099
34 3 7 16.8808 20.1185 28.8798
34 4 7 23.7106 18.1652 38.6218
34 5 7 16.3187 19.946 0.879289
35 1 7 23.5388 23.3134 6.03889
35 2 7 14.3889 21.6082 10.5615
35 3 7 16.9277 20.5556 29.0583
35 4 7 23.7709 18.7301 39.1967
35 5 7 15.7242 20.1103 0.833295
36 1 7 23.2788 21.0686 6.46664
36 2 7 13.9703 22.5906 10.2133
36 3 7 15.8546 19.3814 28.0413
36 4 7 24.4074 18.7766 39.746
36 5 7 15.6486 20.2641 0.59021
37 1 7 23.4104 21.0393 6.60827
37 2 7 13.9244 23.6954 10.1507
37 3 7 16.4723 19.5838 27.0549
37 4 7 24.7093 19.3986 40.208
37 5 7 15.6135 19.9557 0.371373
38 1 7 22.9476 23.0588 5.98362
38 2 7 13.782 22.8001 10.1955
38 3 7 16.4177 19.2502 27.3418
38 4 7 24.9079 18.9298 40.4415
38 5 7 15.3332 19.8486 0.730019
39 1 7 22.8514 24.6958 6.02144
39 2 7 13.7862 22.3903 9.59965
39 3 7 16.8037 18.2428 28.3375
39 4 7 25.3919 19.7675 40.6925
39 5 7 15.8063 19.8977 0.174057
40 1 7 22.7726 25.6432 4.76258
40 2 7 14.0305 23.3255 9.88709
40 3 7 17.3251 17.9191 28.6867
40 4 7 26.2947 20.972 41.4881
40 5 7 16.0631 19.6835 0.796729
41 1 7 22.7647 26.7017 4.71172
41 2 7 13.7462 23.4488 10.5396
41 3 7 16.3647 18.191 28.066
41 4 7 26.1266 20.9063 42.7479
41 5 7 15.6033 20.3955 1.10673
42 1 7 22.498 26.8815 5.38794
42 2 7 14.2909 24.3292 10.239
42 3 7 15.4201 19.0484 27.2869
42 4 7 25.8762 19.8931 42.2091
42 5 7 15.0797 20.547 0.867903
43 1 7 22.4111 26.3419 5.71649
43 2 7 14.0079 23.7063 10.3239
43 3 7 15.844 18.4969 27.2713
43 4 7 26.3003 20.9103 42.0784
43 5 7 15.1805 21.0841 0.795584
44 1 7 22.8283 25.4404 5.41717
44 2 7 14.0895 22.7162 9.97447
44 3 7 15.4836 17.6608 28.5937
44 4 7 25.903 20.8521 43.2657
44 5 7 15.4688 21.5348 0.171274
45 1 7 23.6107 24.3237 5.25819
45 2 7 14.193 22.6566 10.4019
45 3 7 16.474 17.4105 28.7332
45 4 7 26.2855 21.5295 43.7826
45 5 7 15.3929 21.7403 0.331454
46 1 7 23.6674 22.3779 6.84768
46 2 7 14.7282 22.1357 10.9887
46 3 7 15.9728 17.5056 30.503
46 4 7 26.4343 21.8237 44.1875
46 5 7 15.5453 21.6445 0.570832
47 1 7 23.3963 21.9321 8.10183
47 2 7 14.1736 22.7108 11.0069
47 3 7 17.4816 16.9358 31.3591
47 4 7 25.8762 21.4259 45.5568
47 5 7 16.2628 22.648 1.07024
48 1 7 23.7425 22.2125 7.25511
48 2 7 14.6468 23.2967 11.5146
48 3 7 18.0494 17.1784 32.8597
48 4 7 25.4601 22.538 46.2276
48 5 7 16.086 22.7255 0.875079
49 1 7 24.3988 22.4003 6.85794
49 2 7 14.5452 21.933 10.9113
49 3 7 17.9086 17.2856 33.9863
49 4 7 24.9458 22.9559 47.7681
49 5 7 15.3062 23.6942 0.651747
50 1 7 24.693 23.1336 6.55606
50 2 7 15.211 20.895 10.5125
50 3 7 17.7098 17.2285 34.4661
50 4 7 25.0416 23.2788 47.9721
50 5 7 15.427 23.7874 0.708622
51 1 7 25.2669 22.7356 6.52655
51 2 7 15.1183 21.1647 11.3691
51 3 7 16.9627 16.6541 35.1508
51 4 7 25.5671 23.5029 47.8886
51 5 7 16.2549 23.2752 1.50366
52 1 7 24.1324 21.4869 7.63643
52 2 7 14.8526 21.9464 10.8188
52 3 7 15.8896 17.1004 34.8395
52 4 7 25.2738 23.1292 48.5751
52 5 7 16.066 22.6763 0.947394
53 1 7 24.429 21.4303 6.94205
53 2 7 15.2201 22.7761 10.8685
53 3 7 15.544 17.6633 35.206
53 4 7 25.0022 23.2824 48.9285
53 5 7 15.9552 22.1247 0.903285
54 1 7 24.922 21.1347 7.26886
54 2 7 15.7601 21.85 11.1778
54 3 7 15.9054 18.2611 35.2383
54 4 7 25.5685 23.7149 48.1905
54 5 7 16.8913 21.5851 1.08354
55 1 7 25.0865 20.8427 6.9233
55 2 7 15.7229 21.9762 11.278
55 3 7 14.7937 19.8644 34.9563
55 4 7 25.5382 22.6917 48.455
55 5 7 16.6137 21.7085 1.07871
56 1 7 24.8933 20.5029 7.20892
56 2 7 15.4747 21.7861 10.6332
56 3 7 15.3373 19.278 35.7492
56 4 7 25.3992 22.1638 48.2753
56 5 7 16.2133 21.9261 0.481362
57 1 7 24.8432 21.132 6.87743
57 2 7 15.3835 20.5972 10.6792
57 3 7 15.5803 20.0061 35.8222
57 4 7 26.2002 21.9334 48.9036
57 5 7 16.8442 21.726 0.866381
58 1 7 24.9738 20.919 6.38083
58 2 7 15.79 20.4662 10.726
58 3 7 14.5258 20.6529 34.887
58 4 7 25.6698 20.8821 48.1865
58 5 7 16.4024 21.8602 0.716333
59 1 7 24.7125 21.0476 6.73803
59 2 7 15.7052 19.5842 10.6792
59 3 7 14.8222 20.3131 33.8666
59 4 7 25.8009 20.2862 48.257
59 5 7 16.5789 20.8431 0.672877
60 1 7 25.0979 20.9432 6.78825
60 2 7 15.8939 19.8239 10.8239
60 3 7 15.3199 20.4224 33.223
60 4 7 25.7554 20.6404 48.5559
60 5 7 16.3739 21.0823 0.912838
61 1 7 24.7951 20.1033 7.4666
61 2 7 15.4179 19.2942 10.7714
61 3 7 15.3944 20.1463 31.9774
61 4 7 25.8743 20.052 49.0945
61 5 7 16.5807 20.4651 0.929493
62 1 7 24.9488 19.9051 7.51584
62 2 7 15.7614 19.1035 11.7131
62 3 7 16.0054 20.8115 31.4585
62 4 7 25.8826 20.0342 49.3385
62 5 7 16.6441 20.7106 1.40148
63 1 7 24.5876 19.1613 7.78137
63 2 7 14.892 19.1195 11.6856
63 3 7 15.4079 21.2629 31.6865
63 4 7 26.126 19.9975 49.5477
63 5 7 16.4068 20.2991 1.57398
64 1 7 23.9632 18.5785 8.04918
64 2 7 14.7078 19.386 11.7971
64 3 7 15.6669 22.4914 32.4264
64 4 7 26.0857 19.4071 49.9265
64 5 7 16.7449 18.8648 1.15737
65 1 7 24.2284 18.4389 7.56205
65 2 7 14.6207 19.4281 11.0264
65 3 7 15.3152 23.6692 32.3689
65 4 7 25.8026 19.0296 49.1607
65 5 7 16.4148 19.3148 1.33762
66 1 7 24.0789 18.5582 7.34454
66 2 7 14.5457 18.5572 10.7912
66 3 7 16.2314 23.9344 32.5092
66 4 7 25.4381 18.6669 49.161
66 5 7 16.2443 18.4516 1.08336
67 1 7 23.6166 18.6155 7.36086
67 2 7 14.1833 19 10.7531
67 3 7 16.0443 23.4257 31.8691
67 4 7 25.5686 19.4518 49.1564
67 5 7 16.0628 18.1841 0.818683
68 1 7 23.1608 18.4542 7.28376
68 2 7 13.9407 17.9842 10.7213
68 3 7 16.1007 23.4595 31.0376
68 4 7 25.1088 18.8739 49.1531
68 5 7 15.6596 18.5399 0.752555
69 1 7 23.2642 19.0967 7.21339
69 2 7 13.7854 18.6634 11.2495
69 3 7 16.5566 23.0439 30.6082
69 4 7 25.0033 19.0479 49.1034
69 5 7 15.3321 19.2796 1.35636
70 1 7 22.991 19.1618 7.37671
70 2 7 13.6586 18.8538 10.6812
70 3 7 16.4131 22.6673 30.6185
70 4 7 24.5662 18.6355 49.2444
70 5 7 15.1645 19.1841 0.96988
71 1 7 23.2423 19.7854 7.14342
71 2 7 13.6684 20.0006 10.6817
71 3 7 16.2998 22.0881 31.5616
71 4 7 24.7265 19.1579 48.7984
71 5 7 15.3139 18.975 0.785708
72 1 7 23.3204 20.1689 6.90367
72 2 7 13.7727 20.0965 10.5066
72 3 7 15.7584 21.869 31.7685
72 4 7 24.8797 18.8757 48.6487
72 5 7 15.4401 19.3523 0.278373
73 1 7 23.0074 19.8532 7.27702
73 2 7 13.3314 20.6244 10.9347
73 3 7 16.4528 22.4802 32.1186
73 4 7 24.6051 19.3044 48.9332
73 5 7 15.167 19.7329 0.679528
74 1 7 22.8357 19.8503 7.40308
74 2 7 13.2866 20.5123 11.0233
74 3 7 16.1322 21.0314 32.8324
74 4 7 24.5015 19.507 49.4136
74 5 7 15.1533 20.3977 1.15944
75 1 7 22.8399 20.2688 7.07731
75 2 7 13.321 20.0026 10.4501
75 3 7 16.7559 20.1003 32.4755
75 4 7 24.2978 20.0034 49.1804
75 5 7 14.9795 20.8157 0.726487
76 1 7 23.6289 20.4477 6.87533
76 2 7 13.7749 20.2854 10.877
76 3 7 17.1792 19.5651 31.7471
76 4 7 25.2173 21.0913 48.598
76 5 7 15.9981 20.0578 0.626352
77 1 7 23.6617 21.3479 6.6121
77 2 7 14.6851 19.6261 10.3415
77 3 7 18.1943 18.8206 32.3099
77 4 7 25.0504 21.2265 48.3457
77 5 7 15.8672 20.4811 0.448816
78 1 7 23.9794 21.2963 6.6813
78 2 7 14.8696 19.7944 10.5776
78 3 7 17.0521 18.8363 32.4948
78 4 7 25.3602 21.345 48.3461
78 5 7 16.1303 20.5987 0.640577
79 1 7 23.9986 21.2408 7.32672
79 2 7 14.6415 20.6613 10.5189
79 3 7 16.2839 18.7792 33.1714
79 4 7 25.4343 21.3039 48.715
79 5 7 15.9917 20.9245 0.56847
80 1 7 23.7628 21.4336 7.41274
80 2 7 14.6118 20.8189 11.2496
80 3 7 16.0885 17.3732 34.534
80 4 7 25.0625 21.08 49.0625
80 5 7 15.3833 21.5678 1.10948
81 1 7 23.7637 20.8624 8.06995
81 2 7 14.5924 21.5941 11.9009
81 3 7 15.0732 18.0384 35.0241
81 4 7 24.9279 20.5055 49.496
81 5 7 15.7421 22.1729 1.74772
82 1 7 23.3075 20.8682 8.64134
82 2 7 14.0095 22.1005 11.8249
82 3 7 14.7061 18.8981 35.4574
82 4 7 25.0023 21.0288 50.1404
82 5 7 15.613 22.0749 1.75703
83 1 7 23.8078 21.1318 7.90571
83 2 7 14.5088 21.829 11.5696
83 3 7 15.022 17.9934 35.7478
83 4 7 25.5934 21.5396 49.6471
83 5 7 15.6852 22.2154 1.61955
84 1 7 24.3241 21.6134 7.31855
84 2 7 14.6569 21.214 10.9691
84 3 7 15.2264 17.3743 34.9074
84 4 7 26.0361 21.9869 49.2381
84 5 7 16.7001 21.4046 0.741659
85 1 7 24.5416 22.4856 6.75656
85 2 7 15.1266 20.8706 10.5646
85 3 7 15.3201 16.8632 34.9693
85 4 7 26.0403 22.0962 48.5787
85 5 7 16.6106 21.5609 0.54566
86 1 7 24.6511 22.3753 7.03169
86 2 7 15.2378 21.0829 10.4554
86 3 7 15.0512 17.0123 34.7987
86 4 7 25.8747 21.5272 48.6885
86 5 7 16.5202 21.7708 0.48796
87 1 7 24.205 22.0146 7.24585
87 2 7 14.6568 21.3624 11.0143
87 3 7 14.9348 16.893 35.382
87 4 7 25.7937 21.6338 48.8405
87 5 7 16.4017 22.1237 1.01081
88 1 7 24.3284 21.9119 7.47043
88 2 7 14.6938 21.9431 11.2064
88 3 7 15.0611 17.3196 35.1339
88 4 7 25.8256 21.0611 49.2608
88 5 7 16.378 23.0741 1.40504
89 1 7 24.2257 21.5318 7.62495
89 2 7 14.6501 21.8001 11.2079
89 3 7 14.4826 17.9011 35.0781
89 4 7 25.751 20.9096 49.1172
89 5 7 16.604 22.0929 1.10606
90 1 7 24.6705 21.9426 7.1582
90 2 7 15.0739 21.7778 10.4448
90 3 7 14.5295 18.5954 35.0169
90 4 7 25.831 20.674 49.1323
90 5 7 16.412 21.6527 0.695025
91 1 7 24.8801 21.8757 6.5282
91 2 7 15.3045 21.7036 10.2807
91 3 7 14.4989 18.6176 35.2692
91 4 7 25.9944 20.4944 48.5149
91 5 7 16.824 21.0751 0.601729
92 1 7 24.4042 21.3651 6.63181
92 2 7 15.1391 21.7695 10.1461
92 3 7 14.6908 18.8777 35.5855
92 4 7 26.3122 20.6155 48.3251
92 5 7 16.9244 20.6827 0.134502
93 1 7 24.6622 21.1267 7.15091
93 2 7 15.1316 21.5776 10.4872
93 3 7 14.6911 18.5069 35.4632
93 4 7 26.4534 20.4479 48.8546
93 5 7 16.9105 21.007 0.547968
94 1 7 24.4402 20.6937 7.42851
94 2 7 15.1464 21.3285 10.8135
94 3 7 14.5263 18.8011 35.501
94 4 7 26.3477 20.2747 49.0592
94 5 7 16.6692 20.9263 0.932214
95 1 7 24.7445 20.7546 7.18
95 2 7 15.026 21.4886 10.7593
95 3 7 14.2654 19.2673 34.8249
95 4 7 26.3489 19.7903 48.6969
95 5 7 16.9094 21.003 0.697658
96 1 7 24.9312 20.695 7.09588
96 2 7 15.5563 20.1883 10.6459
96 3 7 13.9407 19.4112 35.1121
96 4 7 26.3965 19.8324 48.9423
96 5 7 17.1199 20.5565 0.68546
97 1 7 25.2293 21.0854 6.94579
97 2 7 15.7044 20.0893 10.4419
97 3 7 14.4018 19.1535 35.1213
97 4 7 26.705 19.9479 48.9071
97 5 7 17.3996 20.4651 0.599117
98 1 7 24.6974 20.5543 7.12765
98 2 7 15.4202 19.7012 11.0807
98 3 7 13.9809 19.8584 35.1379
98 4 7 26.7789 19.6499 48.958
98 5 7 17.2333 20.3156 0.554277
99 1 7 24.7919 20.1937 7.39707
99 2 7 15.3287 20.062 10.7349
99 3 7 13.7289 20.6109 35.176
99 4 7 26.4246 19.3462 48.9031
99 5 7 16.8773 20.8495 1.0016
100 1 7 25.1259 20.033 7.3863
100 2 7 15.7691 20.0621 11.1721
100 3 7 13.9089 20.5087 34.4768
100 4 7 26.4994 19.631 49.0775
100 5 7 16.868 20.4787 1.23183
101 1 7 24.9296 19.7951 7.32597
101 2 7 15.6917 19.8065 10.8734
101 3 7 14.3335 21.0003 34.917
101 4 7 26.5445 19.6915 49.0882
101 5 7 16.976 19.4621 0.604382
102 1 7 25.3084 19.8106 7.22516
102 2 7 15.8715 20.1421 10.9629
102 3 7 13.9353 21.0102 34.2483
102 4 7 26.5429 19.5176 48.4964
102 5 7 17.2596 19.3804 0.892528
103 1 7 24.9584 19.5308 7.42212
103 2 7 15.5319 19.7308 10.829
103 3 7 14.5416 20.7478 34.2508
103 4 7 26.1764 19.1498 48.9458
103 5 7 16.8541 19.1365 0.94426
104 1 7 24.6763 19.0764 7.80438
104 2 7 15.0817 20.3449 11.1273
104 3 7 13.7051 21.3306 34.59
104 4 7 26.4007 19.1116 49.5328
104 5 7 16.8893 19.1672 1.15431
105 1 7 24.536 18.8882 7.27848
105 2 7 15.4217 20.2791 11.4443
105 3 7 14.1918 21.461 35.1746
105 4 7 25.8421 18.5266 49.1899
105 5 7 16.286 19.226 1.4843
106 1 7 24.6764 19.1653 7.23783
106 2 7 15.4449 20.2076 11.1703
106 3 7 14.0928 21.1269 35.1149
106 4 7 25.8734 18.6194 48.9836
106 5 7 16.3551 18.4875 0.988903
