1 1 7 22 22 5
1 2 7 22 22 15
1 3 7 22 22 25
1 4 7 22 22 35
1 5 7 22 22 45
2 1 7 22.255 21.3126 4.4945
2 2 7 22.3465 21.385 14.718
2 3 7 22.2685 21.3595 24.9687
2 4 7 22.2935 21.2503 35.2844
2 5 7 22.2393 21.2556 45.5217
3 1 7 23.2604 21.0417 4.60519
3 2 7 23.6863 20.3809 14.6136
3 3 7 23.695 19.423 25.6295
3 4 7 23.055 21.4596 36.9627
3 5 7 22.7362 20.0106 46.8016
4 1 7 24.889 23.2038 6.76251
4 2 7 23.5368 20.254 16.0321
4 3 7 23.3554 20.9285 26.7635
4 4 7 23.8147 22.1379 36.3055
4 5 7 24.6169 20.1887 46.3143
5 1 7 23.3655 23.4459 7.45257
5 2 7 22.5991 19.9126 16.8331
5 3 7 23.7538 21.291 27.4826
5 4 7 22.4814 23.668 37.0494
5 5 7 25.0167 18.8829 47.1487
6 1 7 21.2544 22.7595 7.47024
6 2 7 23.8164 20.3985 17.0011
6 3 7 23.4479 21.4327 27.8434
6 4 7 22.3589 24.0249 38.4096
6 5 7 22.2113 19.5384 47.1194
7 1 7 19.254 21.358 6.24262
7 2 7 20.8566 20.1911 17.0267
7 3 7 24.4438 21.737 28.1548
7 4 7 22.8486 23.9295 38.3873
7 5 7 20.2099 20.3367 47.2268
8 1 7 18.2931 20.3938 5.37085
8 2 7 19.4699 21.6653 18.7293
8 3 7 24.5223 22.0867 28.6551
8 4 7 24.2182 22.1145 38.7466
8 5 7 18.0561 19.7351 46.2911
9 1 7 19.9241 19.8185 4.67218
9 2 7 18.8922 22.2946 21.068
9 3 7 23.9774 20.0449 29.2762
9 4 7 24.9196 21.4119 40.4617
9 5 7 16.4418 20.8024 46.196
10 1 7 19.1801 20.5236 5.31676
10 2 7 17.4767 22.8447 21.9638
10 3 7 23.1302 19.4475 29.7819
10 4 7 22.2587 21.4601 40.3524
10 5 7 15.9412 24.1604 48.1319
11 1 7 16.8199 20.5427 7.86624
11 2 7 15.7359 22.1183 23.2693
11 3 7 23.1109 20.2834 30.1992
11 4 7 19.791 20.5538 39.7109
11 5 7 18.6059 25.5872 49.6195
12 1 7 16.1866 20.4264 9.25838
12 2 7 15.0695 23.2611 23.9358
12 3 7 22.4364 20.2898 29.6633
12 4 7 17.3526 18.8728 39.1418
12 5 7 20.7277 25.7945 51.1403
13 1 7 18.3649 19.7133 7.60133
13 2 7 14.6304 22.2488 23.3003
13 3 7 22.3575 20.7123 30.0765
13 4 7 16.8647 17.5829 37.8033
13 5 7 22.435 25.7434 1.32684
14 1 7 17.5062 18.9657 4.75883
14 2 7 15.759 22.1039 24.2896
14 3 7 24.3918 22.911 29.6442
14 4 7 15.8611 18.1262 36.5774
14 5 7 25.7098 27.5733 1.60251
15 1 7 15.9673 19.7257 1.45787
15 2 7 15.214 21.166 25.5879
15 3 7 24.2615 23.216 28.8354
15 4 7 14.0971 19.3233 35.6417
15 5 7 23.9171 26.698 0.950921
16 1 7 16.2499 18.6104 50.6793
16 2 7 15.1323 22.226 25.2806
16 3 7 24.8263 22.2039 27.9754
16 4 7 13.3647 21.3346 35.5174
16 5 7 23.3688 27.1159 51.7301
17 1 7 15.2525 19.1888 49.1356
17 2 7 14.7727 22.348 25.2603
17 3 7 24.251 21.9886 28.614
17 4 7 14.6794 21.2072 34.9363
17 5 7 22.4267 26.3683 49.9609
18 1 7 14.6344 18.6599 46.8693
18 2 7 15.607 21.1532 25.8974
18 3 7 24.4033 21.012 30.2418
18 4 7 15.8397 20.1734 36.0708
18 5 7 20.7572 26.3902 48.7221
19 1 7 13.1477 19.2484 45.1863
19 2 7 16.1595 21.3548 25.3966
19 3 7 24.7032 20.9579 31.2262
19 4 7 15.3956 20.5713 35.6617
19 5 7 20.8183 26.7994 46.5153
20 1 7 13.0644 21.214 43.887
20 2 7 15.774 21.9224 24.2372
20 3 7 24.3338 20.4459 29.1495
20 4 7 15.7611 20.1768 34.4482
20 5 7 21.0792 26.8984 45.5517
21 1 7 13.2391 21.0987 42.3387
21 2 7 16.9429 22.9816 23.5484
21 3 7 25.4832 20.2701 27.6705
21 4 7 16.3185 19.5815 33.1207
21 5 7 22.0313 26.0719 47.76
22 1 7 13.2059 20.4728 42.1323
22 2 7 15.5906 22.3819 22.006
22 3 7 25.9985 20.5788 28.7537
22 4 7 16.3737 21.1462 32.2427
22 5 7 22.3221 25.892 47.8363
23 1 7 13.8566 20.8845 41.8969
23 2 7 15.9159 23.6023 22.4812
23 3 7 26.4096 21.3204 29.4899
23 4 7 17.1592 21.4986 32.6045
23 5 7 21.94 26.3544 45.9857
24 1 7 13.8243 21.7439 41.8281
24 2 7 16.0805 23.027 22.406
24 3 7 26.1543 21.4718 28.4284
24 4 7 16.5919 21.049 32.261
24 5 7 21.7836 27.6897 43.7928
25 1 7 14.3578 21.5273 41.9946
25 2 7 17.1998 20.7862 20.9628
25 3 7 26.2014 21.055 27.4837
25 4 7 17.6173 20.371 32.7431
25 5 7 22.1474 28.6006 40.3924
26 1 7 14.0788 20.761 42.977
26 2 7 19.4655 21.0644 21.1494
26 3 7 26.7294 23.0111 28.0588
26 4 7 17.4237 20.505 33.4046
26 5 7 23.1828 27.2992 38.1186
27 1 7 14.2108 19.5998 43.8286
27 2 7 18.8495 20.2055 20.2775
27 3 7 26.0306 22.8199 27.5927
27 4 7 16.819 20.9447 33.588
27 5 7 24.9112 27.3959 37.6194
28 1 7 15.0145 19.4874 45.3476
28 2 7 17.4281 21.0596 21.9656
28 3 7 26.1267 21.3501 28.8774
28 4 7 17.9925 21.7151 34.4212
28 5 7 24.8695 28.9437 37.0402
29 1 7 14.4962 20.1714 46.9837
29 2 7 16.8901 20.8875 25.5681
29 3 7 26.7836 22.5246 28.7318
29 4 7 16.7916 20.4442 35.4798
29 5 7 24.8889 28.1928 36.6395
30 1 7 14.8613 20.4401 45.1849
30 2 7 17.0159 22.1643 25.4827
30 3 7 26.6572 22.0277 28.5703
30 4 7 17.3559 21.7206 35.4692
30 5 7 25.025 27.4977 37.4729
31 1 7 14.5945 21.6695 45.1914
31 2 7 18.5357 22.3624 22.7694
31 3 7 25.7909 21.1702 29.2396
31 4 7 16.7527 21.5902 34.3348
31 5 7 25.4074 27.8321 37.2322
32 1 7 15.2568 21.9037 44.7881
32 2 7 18.3957 22.271 20.6255
32 3 7 25.9888 21.505 28.7306
32 4 7 17.8823 21.2047 34.3218
32 5 7 25.4131 27.634 36.5004
33 1 7 15.5872 21.6742 45.2492
33 2 7 19.4275 21.8568 19.7571
33 3 7 27.7867 22.1491 28.1892
33 4 7 19.0914 20.2231 34.7164
33 5 7 25.5237 27.6207 35.9215
34 1 7 16.9205 21.6494 45.9513
34 2 7 20.9235 21.0692 19.9907
34 3 7 27.2602 21.8177 28.8155
34 4 7 17.7881 20.7106 36.1842
34 5 7 24.4278 28.5061 36.5818
35 1 7 16.5714 21.6104 46.5538
35 2 7 23.3371 19.6128 20.9538
35 3 7 27.4008 21.5029 29.8822
35 4 7 16.8823 20.8661 36.5559
35 5 7 24.7661 27.7289 37.0762
36 1 7 16.4549 21.8282 46.1245
36 2 7 24.5921 19.0613 20.5039
36 3 7 27.1982 21.8024 29.8111
36 4 7 18.5375 20.7762 36.0139
36 5 7 25.0505 28.6326 38.1751
37 1 7 16.9302 22.2242 45.6248
37 2 7 24.5444 19.221 20.8254
37 3 7 27.2998 22.3389 29.6486
37 4 7 19.4053 20.5674 36.2501
37 5 7 24.3908 28.9122 37.5019
38 1 7 16.4499 22.0572 45.9205
38 2 7 24.2473 18.509 21.002
38 3 7 27.1891 22.9198 29.5562
38 4 7 18.5415 20.9892 35.5029
38 5 7 24.162 28.6528 38.0286
39 1 7 16.1732 22.2289 45.9317
39 2 7 25.0535 18.1408 22.9523
39 3 7 26.946 22.932 31.3393
39 4 7 17.791 21.6136 36.0591
39 5 7 24.2559 28.8208 38.7167
40 1 7 15.9292 24.6777 45.848
40 2 7 25.0705 18.8565 22.1894
40 3 7 27.3153 22.9033 33.2853
40 4 7 17.857 22.1947 36.5892
40 5 7 23.071 29.422 40.7644
41 1 7 14.9694 26.8382 46.2819
41 2 7 25.1948 17.5345 21.8224
41 3 7 26.3491 22.884 33.177
41 4 7 17.0257 21.5323 36.8183
41 5 7 23.956 29.7901 41.8801
42 1 7 15.3845 29.3156 46.0393
42 2 7 25.2432 18.0493 21.9597
42 3 7 25.4056 21.4589 33.3036
42 4 7 16.9948 22.6562 38.811
42 5 7 24.5255 29.7871 41.9821
43 1 7 15.4039 30.7296 45.8134
43 2 7 25.4643 18.4461 23.0484
43 3 7 24.9664 21.8786 33.9983
43 4 7 16.2353 22.5084 39.6127
43 5 7 23.9347 29.9234 40.8207
44 1 7 14.6605 29.8003 45.6665
44 2 7 25.7187 19.2658 25.1166
44 3 7 25.2226 22.5618 34.4655
44 4 7 15.5463 22.861 38.5834
44 5 7 23.3476 30.3505 40.4829
45 1 7 14.394 29.5052 46.1057
45 2 7 26.1962 19.6944 25.0921
45 3 7 24.5812 22.3167 34.3629
45 4 7 15.2636 24.4881 37.5312
45 5 7 23.206 30.2603 40.4483
46 1 7 14.8807 30.4258 46.1096
46 2 7 25.3018 18.7171 24.8979
46 3 7 24.3531 22.7637 33.8329
46 4 7 15.4031 24.4543 38.2597
46 5 7 23.4695 30.1479 41.5634
47 1 7 14.573 30.3207 46.4196
47 2 7 23.2409 18.9308 25.0124
47 3 7 24.8764 23.1407 34.3646
47 4 7 15.0801 23.1103 39.1325
47 5 7 23.4838 29.1717 42.1806
48 1 7 14.4586 29.537 45.9269
48 2 7 22.7436 19.0478 24.7628
48 3 7 24.0803 22.062 34.4912
48 4 7 14.8268 22.5716 39.2275
48 5 7 23.8125 28.2971 42.1267
49 1 7 14.6544 31.4983 46.1333
49 2 7 23.5219 18.3084 23.9427
49 3 7 23.9121 21.8792 33.7072
49 4 7 14.914 23.3958 38.3605
49 5 7 22.9335 28.2258 41.4745
50 1 7 14.8035 31.5312 45.8149
50 2 7 24.7307 18.8696 24.763
50 3 7 23.9972 22.1355 34.3228
50 4 7 14.9066 22.7859 38.4937
50 5 7 23.4059 28.8729 41.8729
51 1 7 14.3559 30.6084 45.6526
51 2 7 25.4502 19.2492 26.3187
51 3 7 23.5637 22.6893 35.7714
51 4 7 14.3779 23.0243 38.826
51 5 7 23.4485 30.3727 42.573
52 1 7 14.2607 30.9494 44.965
52 2 7 25.4822 19.0646 26.8418
52 3 7 23.68 23.6238 36.2152
52 4 7 14.1183 22.87 38.3534
52 5 7 23.8159 31.6407 42.2507
53 1 7 14.5345 30.189 46.1681
53 2 7 24.8662 19.2802 25.9063
53 3 7 24.2339 23.9334 35.0509
53 4 7 14.7744 23.4535 39.001
53 5 7 23.4665 31.3204 41.6752
54 1 7 14.6096 30.2049 45.9667
54 2 7 24.2738 18.3989 25.1646
54 3 7 24.2676 23.3819 34.1819
54 4 7 14.789 23.3322 39.2115
54 5 7 23.5398 30.7072 41.6845
55 1 7 14.3809 30.0148 46.8763
55 2 7 24.6524 18.9003 25.0086
55 3 7 23.9386 23.5737 34.5377
55 4 7 14.8208 24.5104 38.6393
55 5 7 23.2484 30.7946 41.686
56 1 7 14.7751 30.8143 46.827
56 2 7 25.6269 19.4585 26.2299
56 3 7 24.6433 23.8654 34.8704
56 4 7 15.1835 24.6519 38.8286
56 5 7 23.5262 30.7407 41.7617
57 1 7 13.8023 30.638 46.5183
57 2 7 25.1517 19.2545 25.4899
57 3 7 23.8532 23.9847 35.1152
57 4 7 14.3605 23.8352 38.8426
57 5 7 23.2591 30.8196 42.0685
58 1 7 14.2136 30.0381 45.726
58 2 7 24.9174 18.7917 25.2567
58 3 7 23.1515 23.5311 33.5899
58 4 7 14.9637 22.1042 39.2843
58 5 7 23.706 30.7463 41.4255
59 1 7 14.0664 30.6905 45.7808
59 2 7 24.8075 18.6861 24.9817
59 3 7 24.61 22.9522 34.4334
59 4 7 14.49 23.2326 38.7212
59 5 7 23.7521 29.7031 42.4245
60 1 7 14.5309 31.0103 45.639
60 2 7 25.2003 19.5793 25.642
60 3 7 23.6106 21.5692 35.1481
60 4 7 14.6991 23.6854 38.7931
60 5 7 23.9156 29.2879 41.7325
61 1 7 14.2111 29.9317 45.5255
61 2 7 25.6125 19.7105 25.0115
61 3 7 23.9737 21.9528 34.2761
61 4 7 14.6306 22.8902 38.7682
61 5 7 24.0066 29.805 41.5061
62 1 7 14.3946 30.4211 46.427
62 2 7 24.3021 19.0152 25.1479
62 3 7 24.6755 22.8007 35.0175
62 4 7 15.3142 21.529 38.3343
62 5 7 23.7206 30.784 42.8945
63 1 7 14.365 29.1372 45.9201
63 2 7 25.3373 19.3076 24.3996
63 3 7 24.239 22.8256 34.4715
63 4 7 15.4007 21.4028 38.9909
63 5 7 24.2438 30.0611 41.9474
64 1 7 14.5227 29.4838 47.0612
64 2 7 25.5005 19.0242 25.4998
64 3 7 24.5243 21.4351 35.0284
64 4 7 15.0276 21.9753 38.869
64 5 7 23.6055 28.8027 41.7783
65 1 7 14.1836 29.6612 47.4503
65 2 7 26.124 19.918 25.294
65 3 7 25.3366 21.5141 35.3605
65 4 7 15.642 22.5921 40.4145
65 5 7 23.3916 28.5171 43.0681
66 1 7 14.5519 28.7122 47.2152
66 2 7 25.664 21.1162 24.4066
66 3 7 25.3753 21.7526 34.4955
66 4 7 16.2947 21.3406 39.4557
66 5 7 23.546 28.4775 42.2991
67 1 7 14.5861 29.0379 47.009
67 2 7 25.033 20.3997 23.0339
67 3 7 24.96 20.883 34.5903
67 4 7 15.8422 21.5099 38.6409
67 5 7 22.4991 29.4417 40.9449
68 1 7 15.412 29.1017 46.3699
68 2 7 25.7508 18.2273 22.918
68 3 7 24.8398 20.9412 35.1045
68 4 7 15.4768 22.7578 38.9479
68 5 7 22.5277 29.8455 38.7992
69 1 7 15.5222 29.2396 45.3181
69 2 7 26.1603 18.5289 23.278
69 3 7 25.2011 21.2307 34.7176
69 4 7 16.1499 21.4504 39.0313
69 5 7 22.6066 30.002 37.8588
70 1 7 15.7352 29.5948 45.7903
70 2 7 25.7369 19.4043 25.2639
70 3 7 24.6587 21.6049 34.54
70 4 7 16.2187 21.2649 40.1241
70 5 7 22.7532 30.5312 38.2086
71 1 7 15.656 28.6792 45.9997
71 2 7 26.3746 18.6789 24.4034
71 3 7 25.5087 22.0583 35.126
71 4 7 16.4521 21.7827 39.2507
71 5 7 22.9186 30.8915 38.5242
72 1 7 14.8595 27.9556 46.2981
72 2 7 25.5083 18.4438 24.2445
72 3 7 25.4232 21.0392 34.0709
72 4 7 16.6375 23.1242 37.9564
72 5 7 24.1211 29.6495 38.4782
73 1 7 15.4543 28.2708 47.1127
73 2 7 24.9066 17.9574 24.5863
73 3 7 25.0594 20.5837 34.7365
73 4 7 16.5271 22.7549 39.0775
73 5 7 25.1363 29.8711 38.5384
74 1 7 15.7427 29.286 48.0634
74 2 7 25.5824 18.548 24.7523
74 3 7 25.5613 20.4772 34.5497
74 4 7 17.9397 22.6493 40.3104
74 5 7 25.0415 29.8952 38.924
75 1 7 15.8543 29.5711 49.1941
75 2 7 26.0231 17.8632 25.6249
75 3 7 25.3286 20.6267 35.0886
75 4 7 18.1396 22.3965 41.4836
75 5 7 25.3354 29.9165 39.0992
76 1 7 15.9716 30.972 49.7535
76 2 7 25.9572 18.3296 25.0013
76 3 7 25.2091 20.4862 35.2238
76 4 7 17.1737 21.8548 42.7945
76 5 7 24.5986 29.7939 39.1913
77 1 7 15.1331 31.1827 48.3907
77 2 7 26.4432 17.7889 25.9574
77 3 7 25.1349 20.2548 35.7559
77 4 7 16.21 21.6211 42.859
77 5 7 25.2227 29.3291 40.0645
78 1 7 14.4443 31.0674 46.3734
78 2 7 26.9496 17.7862 26.0766
78 3 7 25.3403 19.8958 36.3114
78 4 7 16.0313 22.0126 43.412
78 5 7 25.2593 29.1189 40.0475
79 1 7 15.7438 31.1561 46.7662
79 2 7 27.6644 17.8347 26.5036
79 3 7 25.372 20.0168 36.0656
79 4 7 17.1978 21.734 42.0081
79 5 7 24.9327 29.2191 39.7901
80 1 7 16.3808 31.3889 45.7746
80 2 7 26.4046 16.9591 26.3904
80 3 7 25.2864 20.6395 35.8395
80 4 7 16.7491 22.5567 40.9474
80 5 7 24.8177 29.7021 40.0336
81 1 7 15.2865 31.8206 45.5337
81 2 7 26.5815 16.4075 24.934
81 3 7 25.1345 19.3221 34.9239
81 4 7 17.296 22.3856 41.8369
81 5 7 24.2538 29.7697 39.8862
82 1 7 15.1734 32.0444 44.5266
82 2 7 27.1614 16.1184 25.4009
82 3 7 23.7675 19.4872 34.0971
82 4 7 17.1647 22.7541 40.8077
82 5 7 24.2601 30.0729 40.0975
83 1 7 15.6166 32.3259 44.4318
83 2 7 27.0307 16.0952 25.6493
83 3 7 24.356 20.6651 34.7318
83 4 7 15.3084 22.819 39.8385
83 5 7 23.9773 29.6378 38.9109
84 1 7 15.299 32.5281 43.2844
84 2 7 27.5635 16.9577 26.6449
84 3 7 25.2036 20.8804 35.4696
84 4 7 16.4609 23.1294 39.6029
84 5 7 23.7299 30.2628 38.9048
85 1 7 14.9618 32.3646 43.8899
85 2 7 27.0329 17.3929 25.7774
85 3 7 24.2686 21.0241 35.1741
85 4 7 15.6739 22.8632 39.3279
85 5 7 23.6158 30.0773 39.5973
86 1 7 15.4666 32.6684 43.6254
86 2 7 27.0923 17.1867 24.6182
86 3 7 24.7644 21.5307 34.1072
86 4 7 15.7522 23.4187 39.5786
86 5 7 23.5332 30.4824 38.5236
87 1 7 15.0675 32.4181 42.6799
87 2 7 26.4602 17.4866 24.536
87 3 7 24.759 20.824 34.257
87 4 7 15.6198 22.8827 39.2317
87 5 7 23.6039 30.244 37.2321
88 1 7 14.7754 31.5821 41.8203
88 2 7 26.1161 17.42 24.2604
88 3 7 24.7184 20.9677 33.2439
88 4 7 15.7183 22.443 37.9021
88 5 7 23.576 29.4465 37.8697
89 1 7 14.6743 31.2902 42.2785
89 2 7 25.7788 17.5806 21.3893
89 3 7 24.4588 21.2104 32.793
89 4 7 15.5288 22.5212 37.5863
89 5 7 23.4783 30.1792 37.4708
90 1 7 15.8381 32.3723 41.9614
90 2 7 25.2474 16.512 21.1654
90 3 7 22.9039 21.351 32.2695
90 4 7 15.0811 22.3331 38.8045
90 5 7 23.3444 30.8162 35.6357
91 1 7 15.5729 32.3939 42.506
91 2 7 24.9687 17.4738 20.7337
91 3 7 22.2534 21.1143 31.49
91 4 7 14.8969 23.049 38.3876
91 5 7 23.9715 30.1429 35.1625
92 1 7 16.0159 32.3681 41.3049
92 2 7 25.907 18.3726 22.169
92 3 7 22.4237 21.2769 30.842
92 4 7 14.7323 23.1802 37.6186
92 5 7 23.3471 30.3147 35.1525
93 1 7 16.4579 32.161 41.5046
93 2 7 26.7752 19.4019 22.329
93 3 7 23.3943 21.0377 31.5137
93 4 7 14.9082 23.254 37.5537
93 5 7 23.7807 30.7677 34.9492
94 1 7 16.0705 31.8945 41.5394
94 2 7 26.7393 19.327 22.5432
94 3 7 23.3506 21.5855 31.6926
94 4 7 15.083 23.2837 36.5198
94 5 7 23.6704 30.9543 35.3043
95 1 7 15.6053 31.9734 42.2838
95 2 7 27.1562 19.9594 21.2824
95 3 7 23.8384 21.2757 31.0544
95 4 7 15.8668 23.6234 36.8256
95 5 7 23.5248 30.9199 36.3097
96 1 7 15.4772 32.045 42.6039
96 2 7 26.5303 19.0811 22.0745
96 3 7 24.4839 21.2614 31.6752
96 4 7 16.3499 23.7016 37.234
96 5 7 23.2408 31.1153 35.7672
97 1 7 14.7692 32.4925 41.7879
97 2 7 26.9441 19.906 21.9929
97 3 7 24.6547 21.507 31.8357
97 4 7 15.883 22.5281 37.3559
97 5 7 22.9108 30.3576 36.1293
98 1 7 13.8521 30.9518 41.8134
98 2 7 26.5353 21.8456 22.3285
98 3 7 24.3583 21.1488 32.2712
98 4 7 15.679 22.4047 37.3198
98 5 7 22.605 30.3218 36.29
99 1 7 13.8101 31.6576 41.7602
99 2 7 26.413 22.0481 22.9751
99 3 7 24.1558 20.8589 32.8708
99 4 7 15.0472 21.9122 37.632
99 5 7 21.9314 29.73 36.4724
100 1 7 12.7817 30.7718 42.1342
100 2 7 26.9919 20.8444 23.9464
100 3 7 23.8323 20.752 33.4219
100 4 7 14.8291 22.0625 37.9657
100 5 7 21.8687 29.7724 37.106
101 1 7 12.3559 30.175 42.8788
101 2 7 27.5973 21.4562 24.5067
101 3 7 23.8284 20.4589 33.6438
101 4 7 14.4885 21.127 38.3081
101 5 7 21.7423 28.6274 39.3846
102 1 7 12.7903 29.9337 42.6627
102 2 7 28.1201 22.4868 25.3404
102 3 7 24.0026 20.2436 34.4766
102 4 7 14.7858 20.8424 38.4983
102 5 7 21.9814 28.1738 40.342
103 1 7 13.1762 29.9451 42.2711
103 2 7 27.0821 22.6113 25.3305
103 3 7 23.9421 19.785 34.4557
103 4 7 14.8002 20.7079 38.1348
103 5 7 22.1998 28.5618 38.4422
104 1 7 13.6784 29.5704 42.6861
104 2 7 27.8279 22.7871 24.4061
104 3 7 23.7913 19.3947 33.4392
104 4 7 14.7703 20.4409 38.3902
104 5 7 22.4622 28.5136 37.4566
105 1 7 13.747 29.446 42.3165
105 2 7 27.0077 23.0148 23.8752
105 3 7 24.6779 19.5188 33.0947
105 4 7 15.6075 20.5972 37.9144
105 5 7 22.615 28.1091 38.1213
106 1 7 13.576 28.5343 41.8178
106 2 7 26.0725 22.5647 23.7465
106 3 7 25.15 19.3211 33.2944
106 4 7 15.7498 20.1885 36.8226
106 5 7 22.7382 28.0774 38.4365
