1 1 7 22 22 5
1 2 7 22 22 15
1 3 7 22 22 25
1 4 7 22 22 35
1 5 7 22 22 45
2 1 7 22.2468 21.3389 4.50622
2 2 7 22.314 21.3979 14.7292
2 3 7 22.2562 21.387 24.9712
2 4 7 22.2628 21.2616 35.2439
2 5 7 22.2239 21.2664 45.4932
3 1 7 23.2854 20.765 4.53674
3 2 7 23.7192 20.3988 14.3792
3 3 7 23.6574 19.4615 25.4526
3 4 7 23.067 21.1224 36.8917
3 5 7 22.8082 19.9174 46.6484
4 1 7 25.2042 22.3769 6.57963
4 2 7 23.4711 20.0713 15.8773
4 3 7 23.8191 20.9955 26.4564
4 4 7 23.8941 21.8302 36.0275
4 5 7 24.5075 20.0371 46.2412
5 1 7 23.4661 22.738 7.33987
5 2 7 22.8398 19.4231 16.7544
5 3 7 24.534 22.3116 26.572
5 4 7 22.9995 23.1142 36.6699
5 5 7 24.4979 19.1444 46.3691
6 1 7 21.9683 22.4152 7.07795
6 2 7 23.1157 19.7991 17.7456
6 3 7 25.0538 22.1675 26.9842
6 4 7 22.5883 22.9268 36.6468
6 5 7 23.2506 18.3624 45.3991
7 1 7 20.9078 21.5268 6.52168
7 2 7 19.4427 19.5184 17.6825
7 3 7 24.633 21.0422 26.3542
7 4 7 22.5717 22.726 36.429
7 5 7 24.0983 18.8781 45.8277
8 1 7 19.4718 22.4449 4.46376
8 2 7 16.0677 19.8323 19.318
8 3 7 25.4216 20.2754 26.677
8 4 7 23.2863 21.1911 36.6656
8 5 7 24.8872 20.4662 46.3026
9 1 7 17.8715 22.0127 1.65747
9 2 7 14.6701 21.659 20.8072
9 3 7 25.0295 20.1108 27.086
9 4 7 20.4848 20.968 36.3449
9 5 7 24.6352 21.5255 46.3668
10 1 7 16.0462 21.1484 50.406
10 2 7 16.4413 22.6158 22.3843
10 3 7 23.839 19.0103 27.5498
10 4 7 18.5379 20.2118 36.0335
10 5 7 24.6317 20.8354 43.7518
11 1 7 15.7051 22.6032 46.3883
11 2 7 16.1738 22.6328 22.7202
11 3 7 23.7001 19.819 29.1149
11 4 7 15.4948 21.3267 35.3747
11 5 7 24.3919 21.0886 42.0283
12 1 7 17.3784 22.3704 44.5841
12 2 7 16.7468 21.4563 24.6152
12 3 7 24.5154 19.1134 29.92
12 4 7 15.3594 20.1003 34.4449
12 5 7 26.0872 20.8688 39.8411
13 1 7 16.1919 21.3481 45.3205
13 2 7 16.0863 21.8261 25.133
13 3 7 25.6392 20.637 28.9583
13 4 7 17.759 19.4048 35.7019
13 5 7 25.6805 20.5442 41.633
14 1 7 15.3172 21.7519 47.4605
14 2 7 17.3516 20.3225 25.1743
14 3 7 26.7668 21.3264 28.2988
14 4 7 16.9226 21.2449 35.6849
14 5 7 24.0251 20.1259 42.5191
15 1 7 14.8768 21.3065 48.7047
15 2 7 18.4226 20.0138 24.2571
15 3 7 26.3054 20.2818 30.421
15 4 7 15.2162 22.1208 35.7084
15 5 7 22.5993 19.5908 42.4577
16 1 7 14.5518 21.6221 49.0844
16 2 7 19.125 19.6302 23.582
16 3 7 24.1065 21.0821 32.2554
16 4 7 15.1724 20.5845 35.7059
16 5 7 23.1912 20.2442 42.7553
17 1 7 14.9247 21.6739 48.4428
17 2 7 19.1613 18.4666 24.3125
17 3 7 24.2268 21.3127 32.2257
17 4 7 14.8931 22.3714 35.8568
17 5 7 22.4912 20.1879 42.3385
18 1 7 14.3314 21.4133 47.9883
18 2 7 18.2356 19.2439 24.0949
18 3 7 24.0722 22.8343 32.0652
18 4 7 14.5613 22.395 34.7833
18 5 7 22.0739 20.3991 41.5866
19 1 7 15.6163 21.6295 48.6132
19 2 7 18.4056 20.2891 24.5279
19 3 7 24.7768 23.7395 31.3516
19 4 7 15.3713 21.4975 33.7587
19 5 7 22.4628 21.4131 41.0142
20 1 7 16.8217 21.57 48.2507
20 2 7 16.8017 19.2961 24.0114
20 3 7 24.0452 22.9407 30.199
20 4 7 15.2265 20.897 35.0231
20 5 7 23.4914 20.7822 39.9963
21 1 7 17.0615 22.2386 47.2243
21 2 7 16.4528 18.9062 25.2213
21 3 7 24.461 21.6422 30.2465
21 4 7 15.9216 19.1312 35.2319
21 5 7 24.2005 21.6393 40.2732
22 1 7 15.3661 21.7442 46.8049
22 2 7 15.7831 19.4109 24.726
22 3 7 24.5405 20.8991 30.2672
22 4 7 15.6144 19.8309 34.9257
22 5 7 23.8938 21.265 40.3028
23 1 7 14.3103 22.8635 44.3979
23 2 7 15.008 19.1743 23.5198
23 3 7 23.872 19.8036 29.0315
23 4 7 15.367 19.7674 34.2525
23 5 7 23.193 19.7891 40.1195
24 1 7 14.8698 22.0905 43.7339
24 2 7 15.1035 19.6347 23.226
24 3 7 24.0885 19.8913 28.1184
24 4 7 15.4509 19.7108 33.032
24 5 7 24.068 20.4066 39.9681
25 1 7 15.5123 22.7777 43.0223
25 2 7 15.3602 20.0564 22.2035
25 3 7 24.3214 20.326 28.2143
25 4 7 15.415 20.0933 33.1053
25 5 7 24.1165 19.5972 38.2036
26 1 7 15.7539 21.8196 43.4317
26 2 7 15.0387 19.033 22.5073
26 3 7 23.5948 19.9764 28.1125
26 4 7 14.3963 20.7329 33.084
26 5 7 23.2958 18.1019 37.7238
27 1 7 16.3217 22.2434 43.2743
27 2 7 15.0121 19.0479 21.8359
27 3 7 23.001 21.2204 27.8096
27 4 7 14.2573 20.2884 33.538
27 5 7 23.6642 18.6731 37.6711
28 1 7 16.9416 23.2516 42.8202
28 2 7 14.5441 19.6088 21.8629
28 3 7 23.0399 20.7301 28.1961
28 4 7 14.8343 19.6945 33.5403
28 5 7 23.5522 18.1249 37.9028
29 1 7 16.4436 24.1012 41.8243
29 2 7 14.3971 20.5205 23.2997
29 3 7 23.0907 20.6739 28.4824
29 4 7 14.6006 19.424 33.4671
29 5 7 23.7479 18.7648 38.1409
30 1 7 16.8704 26.0007 41.1856
30 2 7 13.7957 21.5738 23.6754
30 3 7 22.8591 21.2102 28.783
30 4 7 14.7814 19.4259 33.9609
30 5 7 23.511 18.9085 38.4109
31 1 7 17.5806 27.6881 40.6297
31 2 7 13.7781 20.9444 25.3745
31 3 7 23.2135 20.9732 28.7737
31 4 7 15.2019 19.2591 35.9429
31 5 7 24.733 19.2493 38.3175
32 1 7 17.883 27.7798 40.3317
32 2 7 13.7422 21.1819 25.4317
32 3 7 22.9168 20.6032 29.5329
32 4 7 15.3649 18.4114 35.4483
32 5 7 24.7559 20.2046 40.3568
33 1 7 16.4435 27.2393 41.143
33 2 7 14.002 21.0421 25.0937
33 3 7 23.1558 20.9824 29.2297
33 4 7 14.6819 18.9792 35.0169
33 5 7 23.5172 19.6582 39.4447
34 1 7 15.4294 26.1581 42.104
34 2 7 14.4973 19.7862 24.2685
34 3 7 23.2237 20.9492 28.901
34 4 7 14.4116 19.0934 34.4237
34 5 7 23.6706 19.0872 38.4845
35 1 7 16.1384 26.5215 41.4563
35 2 7 15.6638 20.5364 23.8389
35 3 7 23.8652 21.7928 29.1749
35 4 7 13.7851 19.8078 34.3496
35 5 7 22.6604 19.2193 38.6445
36 1 7 15.6861 27.4872 41.5356
36 2 7 16.1633 21.7973 22.7275
36 3 7 23.1481 20.4464 29.154
36 4 7 14.1133 19.8563 34.246
36 5 7 23.4052 18.6127 38.923
37 1 7 15.6321 27.111 41.1737
37 2 7 15.8382 21.833 21.2674
37 3 7 22.8842 20.2201 28.9107
37 4 7 14.6423 19.4604 34.8703
37 5 7 23.9559 19.3079 39.1942
38 1 7 16.9956 26.345 42.6994
38 2 7 16.0533 21.1387 21.4553
38 3 7 22.2875 19.9944 29.1909
38 4 7 14.896 18.8797 35.9961
38 5 7 24.3566 19.5966 39.1448
39 1 7 17.4001 26.5469 44.0306
39 2 7 16.8704 20.9372 22.3153
39 3 7 23.0225 20.8536 30.0922
39 4 7 15.2383 18.7261 36.474
39 5 7 24.4764 19.8486 40.4214
40 1 7 17.6256 27.3779 44.1034
40 2 7 15.9925 21.1408 21.4337
40 3 7 22.1362 21.0468 29.7934
40 4 7 14.9806 18.7517 36.8757
40 5 7 24.4929 19.2394 40.0589
41 1 7 18.3642 27.6501 42.1229
41 2 7 16.5667 21.7959 20.8223
41 3 7 22.7481 21.0704 29.9521
41 4 7 14.2845 18.6776 36.1024
41 5 7 23.5618 19.3589 40.037
42 1 7 18.0173 27.2811 40.7194
42 2 7 16.3078 21.3669 22.292
42 3 7 23.0251 21.4012 29.8553
42 4 7 14.2318 19.4106 35.6999
42 5 7 23.7415 19.0295 39.5759
43 1 7 17.3833 27.6752 40.8661
43 2 7 16.7975 21.9223 21.7023
43 3 7 22.2967 21.0892 29.9511
43 4 7 14.1235 19.592 35.5434
43 5 7 23.2482 19.4265 39.6522
44 1 7 16.1879 27.6907 41.6855
44 2 7 17.0704 21.9158 20.8532
44 3 7 21.5759 20.8187 29.7179
44 4 7 14.2087 19.4583 36.2329
44 5 7 23.6856 20.2125 39.3595
45 1 7 15.8088 28.834 42.0985
45 2 7 17.2903 21.0598 21.3271
45 3 7 22.6052 21.1411 30.1102
45 4 7 14.781 19.6318 36.6865
45 5 7 23.9246 20.2197 40.0569
46 1 7 17.1511 28.8127 41.7818
46 2 7 17.0705 21.1239 22.3775
46 3 7 22.7056 21.2373 30.5541
46 4 7 14.5792 20.6194 35.8152
46 5 7 23.6422 20.9729 40.59
47 1 7 16.5828 28.4819 41.6722
47 2 7 16.6014 21.9471 21.6853
47 3 7 22.5831 21.1971 29.6046
47 4 7 14.117 20.2432 35.7075
47 5 7 23.4075 20.5046 39.1409
48 1 7 15.3258 27.8967 41.5812
48 2 7 17.2743 21.8111 20.5711
48 3 7 23.6039 21.2118 28.9453
48 4 7 14.8534 20.2952 35.1868
48 5 7 23.8843 20.3557 39.267
49 1 7 14.9132 28.596 42.6885
49 2 7 17.1731 20.8911 20.9092
49 3 7 23.6133 21.8841 29.0247
49 4 7 13.9871 21.4467 35.2404
49 5 7 23.271 20.8807 39.1758
50 1 7 14.5465 28.9322 42.3146
50 2 7 16.04 21.7342 21.2842
50 3 7 23.3944 21.5652 29.5996
50 4 7 14.4234 22.2551 34.4402
50 5 7 23.0996 20.033 39.2724
51 1 7 14.5965 28.751 41.8918
51 2 7 15.7443 22.3092 22.5939
51 3 7 23.7904 21.2326 28.8966
51 4 7 14.2797 22.4334 33.4631
51 5 7 23.1681 20.366 38.7694
52 1 7 15.2454 28.8649 41.5295
52 2 7 15.7057 23.1317 22.4602
52 3 7 24.357 22.0874 28.3627
52 4 7 14.7507 22.23 32.5568
52 5 7 23.1239 21.3114 38.3312
53 1 7 14.4668 28.8652 40.4313
53 2 7 16.114 22.4699 22.5565
53 3 7 24.1441 21.9687 29.1509
53 4 7 14.8559 22.0021 33.0328
53 5 7 22.8455 20.7794 39.1524
54 1 7 15.4736 29.0583 40.8708
54 2 7 15.4288 21.9526 22.4935
54 3 7 23.1019 21.3514 29.205
54 4 7 14.3362 22.348 33.657
54 5 7 22.7573 21.5295 39.1502
55 1 7 14.2928 28.4356 41.4588
55 2 7 15.6832 22.2401 23.2108
55 3 7 24.1393 22.236 29.0581
55 4 7 14.7947 21.7416 32.9901
55 5 7 23.1311 22.0963 39.3266
56 1 7 13.8975 27.6025 42.0544
56 2 7 15.9144 21.8786 23.0792
56 3 7 24.0819 22.9652 28.7875
56 4 7 14.9018 21.1725 33.647
56 5 7 23.1081 21.561 39.5977
57 1 7 13.7622 27.4007 42.2749
57 2 7 15.4996 21.1379 23.5525
57 3 7 23.9717 23.1027 29.6606
57 4 7 14.3892 21.537 33.8627
57 5 7 22.744 20.6098 39.2628
58 1 7 14.1131 27.6862 42.1887
58 2 7 15.544 21.5163 24.8001
58 3 7 23.8408 23.4175 30.4728
58 4 7 14.4371 20.7681 34.5016
58 5 7 23.2122 20.8379 40.247
59 1 7 15.2625 27.8701 41.9415
59 2 7 14.4686 21.4888 25.282
59 3 7 23.2011 22.8023 31.0728
59 4 7 14.3638 20.5001 35.5159
59 5 7 22.6954 19.9132 40.5666
60 1 7 15.1827 27.9774 41.9305
60 2 7 15.0422 22.5454 25.3885
60 3 7 23.1792 22.6591 31.66
60 4 7 14.1671 20.5117 35.2983
60 5 7 23.0161 19.7643 41.5297
61 1 7 14.8464 27.3735 42.4897
61 2 7 15.0765 21.752 25.4669
61 3 7 23.2239 22.2187 31.5188
61 4 7 14.433 19.8832 35.9237
61 5 7 22.5336 19.7306 41.4235
62 1 7 15.054 27.6531 42.8464
62 2 7 15.8137 21.3331 25.5254
62 3 7 23.7495 22.6634 31.9603
62 4 7 14.3571 21.2181 35.3694
62 5 7 22.4008 20.8551 41.6556
63 1 7 14.8565 27.6935 42.4278
63 2 7 15.7915 21.2996 25.0647
63 3 7 23.8221 21.664 31.1295
63 4 7 14.4142 20.4663 35.2859
63 5 7 22.3243 20.7199 41.158
64 1 7 14.2067 26.8778 42.0197
64 2 7 16.231 21.0059 25.1474
64 3 7 24.242 21.7769 31.6855
64 4 7 14.9399 19.9594 34.9802
64 5 7 22.0684 19.8909 41.7221
65 1 7 14.2781 27.6769 42.4311
65 2 7 16.8879 20.4513 24.6594
65 3 7 23.6771 20.2155 31.8647
65 4 7 14.3157 20.7705 35.4232
65 5 7 21.6284 19.4436 42.3829
66 1 7 14.9538 27.7278 42.7862
66 2 7 16.3144 19.9689 25.4217
66 3 7 23.7936 19.802 32.2605
66 4 7 14.2729 21.1385 35.3511
66 5 7 21.4655 19.3771 42.3336
67 1 7 14.4942 27.7037 42.3393
67 2 7 16.0756 20.7531 25.2313
67 3 7 23.9415 20.0645 31.4305
67 4 7 14.4914 20.4791 35.3936
67 5 7 21.7823 19.6867 42.0953
68 1 7 15.0104 27.9554 42.0296
68 2 7 15.9498 20.2356 25.7262
68 3 7 23.9097 19.5698 31.6525
68 4 7 14.501 20.3994 35.562
68 5 7 22.3008 19.59 41.678
69 1 7 15.3815 27.3652 42.2592
69 2 7 16.7399 20.315 25.1707
69 3 7 24.0585 20.1845 32.1496
69 4 7 14.7891 19.6051 35.3347
69 5 7 22.7923 19.5205 42.3875
70 1 7 14.9258 26.6227 42.3633
70 2 7 16.2717 19.7364 24.9821
70 3 7 24.4602 20.7464 31.3163
70 4 7 15.2586 19.3056 35.1746
70 5 7 23.2372 19.475 41.3471
71 1 7 15.1442 26.2824 42.9759
71 2 7 16.3978 19.6947 25.4298
71 3 7 25.1693 20.7333 31.5037
71 4 7 15.5426 19.66 35.273
71 5 7 23.7736 19.5665 41.1289
72 1 7 14.6486 26.5147 43.3281
72 2 7 16.4654 20.2721 25.4225
72 3 7 24.6707 20.4595 31.2887
72 4 7 15.5369 19.903 35.3795
72 5 7 23.153 19.9581 42.1804
73 1 7 14.9702 27.0217 42.9681
73 2 7 15.975 20.6324 24.7496
73 3 7 24.6071 19.4304 32.2517
73 4 7 14.8753 20.6115 35.1354
73 5 7 22.7685 19.8754 42.0565
74 1 7 15.1699 27.6409 43.1554
74 2 7 15.8133 21.6064 25.3428
74 3 7 24.8258 19.4188 31.641
74 4 7 15.0779 20.7461 35.3724
74 5 7 22.4692 19.4296 42.0511
75 1 7 15.0288 27.6152 42.4054
75 2 7 15.9202 21.7067 25.5119
75 3 7 24.6383 19.8955 31.4165
75 4 7 15.0221 20.2274 35.6379
75 5 7 23.544 19.9563 41.3115
76 1 7 15.1293 26.9668 42.5361
76 2 7 16.2413 21.5489 25.0267
76 3 7 24.5956 19.7411 31.2663
76 4 7 15.3059 19.9036 35.1021
76 5 7 23.1532 19.1562 41.5722
77 1 7 14.8751 26.6817 42.6158
77 2 7 16.1186 21.3725 25.5989
77 3 7 24.4741 20.2119 31.7121
77 4 7 15.0658 19.5873 35.3709
77 5 7 23.3238 19.3368 41.8398
78 1 7 15.4278 26.2483 42.7604
78 2 7 16.4466 20.8675 25.5716
78 3 7 24.6555 20.3892 31.5794
78 4 7 15.3533 19.2137 35.5023
78 5 7 23.2593 19.2479 41.9408
79 1 7 14.9835 26.4723 42.6272
79 2 7 16.5855 20.4832 25.1164
79 3 7 24.6477 20.5234 31.9146
79 4 7 15.4539 19.2929 35.41
79 5 7 23.157 19.1914 42.3316
80 1 7 16.1007 26.1643 42.6249
80 2 7 16.024 20.4354 25.5039
80 3 7 24.5333 20.0451 31.9108
80 4 7 15.229 19.344 35.3009
80 5 7 23.3634 19.2759 42.28
81 1 7 15.8639 27.2728 42.9156
81 2 7 16.804 20.3864 25.8843
81 3 7 24.6258 19.8036 31.9961
81 4 7 15.2682 19.4552 35.7207
81 5 7 23.3901 19.4062 41.8836
82 1 7 15.4619 26.9819 42.3857
82 2 7 16.4203 20.379 25.8698
82 3 7 24.3982 19.5689 32.1812
82 4 7 15.3277 19.6874 35.7067
82 5 7 23.4393 19.224 42.0962
83 1 7 15.3417 26.632 42.836
83 2 7 15.4368 20.388 25.4001
83 3 7 24.7337 18.9309 31.537
83 4 7 15.7593 19.6882 35.4062
83 5 7 23.3468 19.7289 41.7313
84 1 7 15.1192 26.2034 42.569
84 2 7 15.5457 20.3496 25.5165
84 3 7 25.0155 18.7691 32.0176
84 4 7 15.8586 19.5316 35.5713
84 5 7 23.5876 19.1647 41.9334
85 1 7 15.8768 26.962 42.2031
85 2 7 15.5834 20.7876 25.8601
85 3 7 25.0239 18.2726 32.2471
85 4 7 15.8694 19.0259 35.7914
85 5 7 23.4543 19.2858 42.2536
86 1 7 16.1321 27.3802 41.9772
86 2 7 15.3806 20.3913 26.0865
86 3 7 25.5694 18.5585 32.2721
86 4 7 16.2479 18.8063 35.9119
86 5 7 23.8824 19.2439 42.2966
87 1 7 15.5872 26.8968 41.8135
87 2 7 15.483 20.6813 26.0093
87 3 7 25.4453 18.852 32.0984
87 4 7 16.4758 18.4815 36.0819
87 5 7 24.1304 18.957 42.0338
88 1 7 15.7928 26.0757 42.3796
88 2 7 14.9217 20.3927 25.2565
88 3 7 26.3917 19.7382 32.5089
88 4 7 16.919 18.8972 35.3839
88 5 7 23.776 19.0266 42.3552
89 1 7 15.797 25.2819 43.2644
89 2 7 14.9748 20.2933 25.755
89 3 7 25.7115 20.4413 31.8675
89 4 7 16.2506 18.8059 35.6166
89 5 7 24.279 19.2469 41.8764
90 1 7 16.3031 25.0198 43.3351
90 2 7 15.7425 19.2175 25.5452
90 3 7 25.7031 19.4863 31.713
90 4 7 16.5354 18.7942 35.5195
90 5 7 24.7883 19.1648 41.7753
91 1 7 16.2613 25.3473 43.6588
91 2 7 15.473 20.1207 25.3812
91 3 7 25.2908 19.0222 31.5903
91 4 7 15.9277 18.7567 35.7604
91 5 7 23.8238 18.7097 42.2061
92 1 7 16.0007 26.2379 43.2274
92 2 7 15.4634 19.2354 25.2995
92 3 7 25.271 19.2497 31.965
92 4 7 15.6826 19.8024 35.4929
92 5 7 23.9133 19.1012 41.9145
93 1 7 16.1401 26.8304 42.3955
93 2 7 16.4169 19.4061 25.5569
93 3 7 25.29 18.566 31.6141
93 4 7 15.8173 19.516 35.6861
93 5 7 24.4179 19.0283 42.3714
94 1 7 15.7838 27.1082 42.0642
94 2 7 15.7564 19.2072 25.3663
94 3 7 24.9898 18.6322 31.7012
94 4 7 15.4463 19.3758 35.357
94 5 7 23.3435 19.2682 41.4459
95 1 7 15.5104 26.4523 42.0692
95 2 7 15.5546 19.9317 25.0551
95 3 7 25.1635 18.5476 31.5024
95 4 7 15.7869 18.9223 35.352
95 5 7 23.685 19.6375 42.125
96 1 7 15.3529 26.057 42.4654
96 2 7 15.5296 19.4259 25.117
96 3 7 24.5191 17.974 31.3482
96 4 7 15.2675 18.9892 35.3468
96 5 7 23.0961 19.5402 41.2258
97 1 7 15.8207 26.5659 42.9958
97 2 7 16.4683 19.5045 25.1781
97 3 7 24.5658 18.4129 31.2617
97 4 7 15.2181 19.8634 35.266
97 5 7 23.237 19.9566 41.1796
98 1 7 16.0463 26.968 42.2144
98 2 7 16.2049 19.4169 25.5105
98 3 7 24.4675 18.3662 31.7166
98 4 7 14.9026 19.1509 35.5119
98 5 7 24.2564 20.1228 41.6938
99 1 7 16.3265 27.0891 41.0504
99 2 7 16.2571 19.517 25.4508
99 3 7 24.8009 18.66 31.4276
99 4 7 15.3161 18.6784 36.0901
99 5 7 24.0066 20.1996 41.4466
100 1 7 16.4203 26.7264 40.852
100 2 7 16.9805 19.6917 25.0894
100 3 7 25.1221 18.9241 31.1937
100 4 7 15.3664 18.199 35.979
100 5 7 23.8839 19.6938 41.1236
101 1 7 16.0533 26.1353 40.6712
101 2 7 16.0564 20.1906 25.0676
101 3 7 25.2643 19.5222 30.473
101 4 7 16.0382 17.7817 35.5264
101 5 7 24.4237 20.6955 40.5678
102 1 7 15.8618 26.7394 40.2167
102 2 7 16.481 20.0267 25.1002
102 3 7 25.3855 19.0845 29.9918
102 4 7 16.7511 17.545 35.6135
102 5 7 24.7816 21.0191 40.156
103 1 7 17.3473 27.2515 38.7898
103 2 7 16.025 19.6872 25.3419
103 3 7 24.9422 19.0019 29.7665
103 4 7 15.8671 17.8157 35.167
103 5 7 24.4965 20.3093 39.6212
104 1 7 17.2046 27.0057 39.4459
104 2 7 15.8966 20.2803 24.9684
104 3 7 25.0684 18.9101 28.9687
104 4 7 16.4427 17.789 34.7361
104 5 7 25.2836 20.0121 38.9651
105 1 7 16.8045 27.3214 39.7281
105 2 7 15.5175 20.3968 25.255
105 3 7 25.115 19.3038 28.738
105 4 7 16.8048 17.863 34.7628
105 5 7 25.2476 21.6397 38.5915
106 1 7 16.8959 27.2601 39.3083
106 2 7 15.7246 19.7085 25.3836
106 3 7 25.0597 19.2295 29.2096
106 4 7 17.3298 18.2683 35.3534
106 5 7 25.9896 22.0614 39.0548
