0.08752722249999983
2.2619859201
9.052396038400001
23.3391407236
44.91506149690001
42.2626109409
52.0702230409
42.7803640489
21.708331008400002
9.660534259599999
3.2154227856000013
2.228750409999999
6.928055694400002
15.347981522499994
18.244772532099994
31.403358976899998
27.365139568899995
29.7337912369
42.98336506890001
44.04937078090001
38.47063410090001
45.129777336900005
28.7035563049
33.95124863290001
52.01828101690001
48.224274696900004
42.16904881290001
39.840965280899994
40.0039805169
50.992024356900004
32.55238792089999
36.26050958889999
43.81473533289999
45.5945006169
37.96001576889999
33.84295720089999
22.741453439999997
18.6484921921
15.714405939599997
26.068887292900005
34.6693683249
31.292500360899997
40.990341616900004
67.37897974089998
79.10803883289998
87.45934288090002
78.79527028890001
75.5051509969
65.18414726889999
35.39738318490001
30.885472800899993
33.04260799290001
36.136569276900005
48.50384238089999
51.0048787329
42.4109630169
40.33481994089999
38.27117377689999
36.7547550049
45.462250204899995
40.5625050769
32.9748132169
25.759380636900005
23.4057602025
30.140868604900003
39.223540636900005
53.56000314090001
55.28621412089999
50.4393982849
44.7945088369
48.3924748609
46.87415146089999
48.29096368889999
40.12297643289999
30.455718568899993
17.502927322499993
7.303398150400002
6.950552232100002
9.791204228100003
19.851747580900003
35.240488776899994
36.14017618889999
30.911042452899995
20.1768062596
16.640280562499992
7.8987978304
5.269090702499999
4.386972140099998
7.932165288100002
8.0919767296
6.626711577599998
9.1785367521
7.8747023161
9.860542022499995
8.438734502500003
8.512389760000001
5.6165682049
4.669791340899999
5.78450601
0.023916622500000054
0.014967075599999866
0.017210816100000036
0.3810099075999999
0.23015046760000132
0.44148051359999874
0.8842769295999985
0.013604889599999656
0.4822608024999985
0.7459604160999986
0.45707064489999905
0.16028812959999933
0.6894146960999983
0.31831035609999897
0.1476941761000008
0.5821537400999991
0.8641189763999994
0.004011955600000022
0.0005924355999999366
0.04267529640000027
0.04010006250000019
0.0025300900000000013
0.0026811684000000854
0.1586349240999995
0.23465304809999957
0.23803665209999927
0.0452753283999998
0.09540685439999962
0.1336560480999994
0.009183388899999888
1.032662439999999
2.718970144899997
7.408902924899998
11.797438867599999
9.589427022399995
12.309642420099996
10.627143604899993
19.113422172099988
14.836440276099996
8.169307239999995
9.912485528099996
15.398168402499994
12.169353171599994
12.381038568899996
14.65549806249999
12.908139984099993
13.515549322499995
21.8549705049
13.090575248099997
10.370718529599996
13.858644198399992
17.568588420099992
16.33509638889999
13.74570455039999
14.303599640099998
11.901948006399998
18.636057302499996
8.632137802499997
3.4352769024999987
2.757094202499997
1.7861520608999983
0.4148519280999992
0.010126396900000133
0.0149572899999998
0.06228019359999945
1.0570101720999978
6.623571376899998
14.467449032099992
22.514265806399987
33.52433160039999
42.57862655289998
36.30833740959999
35.68999029209999
40.46282988159999
40.956032096099996
45.19711549439999
53.38909242265599
56.646967910723994
45.90414806759999
52.060611812416
54.576914489160984
52.95961925689599
45.31645806249999
62.21393403156099
76.63216584039998
91.98114286239998
98.2176138304
97.58831854239999
104.9719095364
101.99141684639999
99.30281940639998
97.46783585639999
92.46130186239999
97.8077484484
107.85196363239996
110.43866064039999
116.82972508839997
117.91527485439998
122.48911355039999
4.3459740899999995
11.637970633809
17.3298196681
12.452394152024997
10.464584479801
7.524049
6.548481000000001
9.497774767716
20.009965562500003
19.925153337599998
15.784808460099999
13.757074156808999
14.870355564099999
14.278898660049
18.3558262969
17.266684302399998
14.4437242401
12.948518544025001
13.758772955524
17.7750776025
13.520880555624998
11.264675851520998
15.333098062500001
13.779701258403998
10.620422692201
12.001589277561001
15.180452364099999
18.185704380900003
12.354381414399999
10.087547688099999
13.751103229504002
16.375538088899997
16.0121623104
9.338598151744002
8.10778414137241
13.427915305744
14.8766804209
15.4549624384
19.723990968899997
12.136820634436
13.506374710404
20.390553048099996
21.292133635600003
15.898641036099999
18.3152329369
15.0935358016
16.317317880899996
11.610892690576
8.819201241795998
11.179995322499998
12.311031829264
13.381227377296
14.215750262884
14.9327372041
14.143398514441001
11.128228810000001
10.094275768201
9.875645642916
14.266627940161
18.6695718889
24.561935999999996
24.5148765625
16.221642312100002
15.316812868899998
18.519767971599993
28.566245667599997
47.629045904399995
53.9554887936
49.423149625600004
48.58996142249999
50.06043611560001
52.64939088010001
55.98780625
52.98762614760001
51.19474050249999
50.39154168999999
57.237395491600005
57.4436663056
52.0696457649
52.5168349225
50.808384000000004
54.0236760064
47.531648262400005
49.17333301690001
57.546637402500004
52.35289438090001
47.94703838439999
52.04006465439999
52.81888187559999
49.18258978090001
44.4018324409
48.79944563559999
31.9724655364
21.8060046961
12.595940453775999
8.885293834040999
9.143832111129
10.046890320489
15.2422310569
0.0004760687610000014
0.8432326487290001
0.6830146438089999
1.398086313649
1.5854763506490002
0.966971322409
1.338919751689
0.006872078404000005
0.01488814828900001
0.322916018049
0.098718498025
0.4213476867690001
0.028082050928999992
0.7905112574490002
0.0006552576040000005
0.16970033080900004
0.5435773747289999
0.32802767116900006
0.13502611668099998
0.0035512064639999976
0.02528036400399999
0.33861575664899995
0.35380726348899993
0.04569291008099999
0.122225054449
0.006378418224999995
0.01875448080900001
0.044556877224999986
0.062548509409
0.160208868121
0.09449476000000001
0.029459603043999985
0.31686429064900007
0.3850165270090001
0.140419575076
0.009420449481000001
0.067666056129
0.4652563174089999
0.5853581175690001
0.042567942399999975
0.22374508228900003
0.6515992850890001
0.26240723404899996
0.2464993411689999
0.014415364095999987
0.2442800970090001
0.20883711816900002
0.07222495000899998
0.18349828668899995
0.005303043684000008
0.05426383891599999
0.17885878888899998
0.17423695188899993
1.2569257501289999
2.1639204347290004
6.851447595729
9.466064429809002
14.796385412448997
10.373468899368998
12.847400042929
11.193153110688998
16.614974365608997
19.210487382528996
17.260925509128995
14.118633405528998
7.063831737368999
3.2326853330890004
2.6182055395689994
3.7216853138889996
3.2664308849290005
2.3813952533289995
1.1431394573290001
1.2974280682089998
0.2925479291290001
0.9042241226489999
3.213654972889
4.645175841289001
7.160585309328998
4.426172199409
3.127617009048999
1.8569158599689999
1.9073736799290002
0.5999075643690001
0.022769301025
0.11153662884100002
0.31906343044899993
0.09810300979599999
0.07855239398399998
0.05134756000000001
0.054347731876
0.44290755316900005
1.425905856769
3.2754230949689997
5.416851272569
7.408266006969
4.676894987769
3.115976935369
2.992598987569
5.528672823969001
0.0381030400000001
0.08809023999999997
0.013340249999999986
0.008390560000000023
0.058564
0.37332100000000024
0.010795209999999975
1.7639999999999845e-05
0.5196968099999998
1.86814224
2.18862436
3.5974708900000003
8.465644138083999
12.3522725764
8.030552795329
3.6286440100000004
2.49260944
0.9187222499999999
0.04293183999999993
0.034969000000000104
0.06822544000000005
0.39000024999999977
0.3475102499999999
0.021315999999999974
0.09406488999999998
7.224999999999541e-05
0.011448999999999949
0.04376464000000002
0.09728161000000005
0.2653280099999999
0.23001616000000003
0.05049008999999995
0.015725159999999988
0.015575040000000005
0.34809999999999985
0.22439169
0.4183502400000003
0.0720385600000001
0.016563690000000065
0.016128999999999945
0.9137448100000004
0.03459599999999998
0.9385734399999998
0.020050559999999985
0.35569296000000006
0.014932839999999966
0.21095649000000005
0.014835239999999977
0.18198756000000008
0.01638400000000003
0.00674041000000001
0.2846222500000001
0.3299353600000003
0.6485080899999999
0.11669056000000008
0.46580624999999987
0.11526024999999994
0.022982560000000055
0.358801
1.19946304
1.9971342399999994
0.01630728999999998
0.027822240000000095
0.0030360099999999918
0.05289999999999999
0.24137568999999984
0.0003276100000000002
0.05225796000000006
0.19289664000000004
0.27667600000000026
0.003203559999999998
0.000650250000000004
0.0018147600000000164
0.006400000000000012
0.01454436000000001
0.009389609999999955
0.12292036000000002
0.03374568999999999
0.057025439999999955
0.1715616400000001
0.3289022499999999
0.07789681000000007
0.003931289999999997
0.02059224999999999
0.07219968999999997
0.40615129
0.08031555999999992
0.1314062500000002
0.2612232099999999
0.00010200999999999995
0.21911761000000018
0.27029601000000025
0.5208508900000003
1.2832358400000001
0.0005198399999999867
0.14273283999999994
0.05085025000000012
0.03744225000000009
0.398161
0.5264953600000001
0.9087808900000001
0.25351225000000005
0.006512489999999999
0.008817209999999976
0.7179172899999995
0.18181696000000008
0.0360620099999999
0.5158112400000002
0.6126192900000003
0.0067568399999999714
0.026179239999999982
1.0
0.4961793600000002
0.00012996000000000174
0.053592250000000015
0.8255539599999997
2.8855816900000004
1.6848040000000002
0.6947222499999999
0.6598312900000001
1.5635001599999998
2.1173160099999997
2.1184802499999993
3.34121841
1.6726248899999998
0.7617798399999997
0.15350723999999993
0.36288576000000006
1.44432324
1.6985908900000004
2.00703889
2.1664896100000006
1.30759225
1.4842548900000003
5.012955315369
10.0697059584
12.4449495076
17.675129472400002
18.5659297924
17.2802333025
15.03035361
20.18075929
26.8378910809
33.21090115210001
34.6408759225
33.39395156250001
27.128888931600002
20.893309646400002
15.4596016969
17.626394624400003
17.411926017600003
14.2390758409
17.7679953441
18.752104336900004
14.8804605504
16.7250735369
29.244625308900005
34.0006776201
38.6210045764
34.0212058729
29.875734856900007
24.729237122500002
23.277826584099998
25.0563316969
28.748470297600004
35.57359020959999
41.4335528721
53.12077455999999
41.7785127769
37.87787025000001
47.32752025
46.766723504400005
31.252572160000007
40.55855647360001
52.9346463844
46.3750104064
43.598156352100006
34.8007966084
36.93308910760001
47.55550560250001
36.580239385599995
39.73650761609999
38.93622721210001
35.8604554896
48.28151328009999
43.7012222761
43.3150892164
35.445352959999994
32.724806713599996
36.762515504099994
33.7300762176
49.9546449796
55.871439078399995
35.17782858809999
38.696113184400005
41.7325044049
38.97629761
44.14247024040001
0.7448035204000002
1.6484762449000006
1.9705702129000005
2.4176207168999992
1.3651819281000004
1.5737953401000007
1.9660246225000007
5.5510187235999995
6.542391996100002
7.3128598929000015
12.357826236900003
11.2022751204
15.20376064
14.1494840964
17.7286470916
16.1810694049
17.3853139849
18.5042787556
17.417351028100004
21.070303257599996
18.465412179600005
16.957512202500002
16.8491367529
21.666604467600003
18.694814062500004
16.382984808099998
15.034540953599997
13.2069735396
15.905340422499997
21.424308249600006
12.643642524099997
14.739917347599999
14.2215723225
15.752802240399998
14.207848648899997
12.204681990399997
19.284130476900003
19.920332768399998
17.913886950400006
12.747970384899997
14.915584684899997
16.641912302499996
18.320882484100007
20.136579264399998
17.751222768399998
16.432159395600006
13.764471002500002
14.510080824099997
23.015430553599998
17.959118352399994
16.371653516099993
14.2318317001
11.824932787599998
12.7988640025
14.446688774399998
23.9053522761
19.60665264360001
16.811148019599997
15.007566081599998
15.458500792900002
16.4547054736
16.503987500099996
13.378842444100002
22.323168067600005
16.6598667225
17.233457742400002
17.7297418489
18.036244548099997
17.047154592399995
14.761425043599997
19.9999467369
12.3484771216
13.425189121600003
13.3881346404
14.923078041600002
16.360649728899993
14.271395062499998
15.430440985599997
14.462580820899998
13.706210796100002
14.752051905599997
16.2668635684
21.779582259599998
13.004029332099998
18.049582310400005
16.609781760099995
19.078637768100002
17.588461699600007
16.261862760000003
15.091748736100003
17.082598272100004
15.64439809
19.078637768100002
19.7339404441
20.866806720400007
20.604427424100006
9.3253279876
11.529488160100001
18.0230815296
0.017213439999999938
0.023357008899999938
0.38369352489999936
0.3777454520999998
0.3894883281000009
3.357213352900004
9.514448702500001
6.738956402500001
4.453155062500002
2.642250250000002
2.6527288384000043
3.770703748900005
8.456173202500008
7.122226562500006
2.881676002499999
0.37168531559999984
0.003176449599999971
0.22918241290000052
0.3019282704000009
2.213191782400003
1.5172080624999997
0.10377417960000063
0.10964045439999962
2.1061846128999977
3.5518302368999985
5.7028783248999995
9.511919539599997
13.330312144899999
14.458854150399993
16.557086521599995
17.881396249599995
18.219153192100002
18.714189480099993
18.379312152099995
20.812300202499994
23.43992859039999
18.4502034369
13.281359809599998
13.213297700099996
13.269336144099995
18.256392562499993
25.477660051599997
22.055139764099994
20.5454599441
20.9502105796
22.846105657599995
18.044654409999996
11.397983688099997
11.6745905761
17.998042608099997
15.033687928899997
16.275253747599997
10.807722000099995
9.735460828899999
18.880067814399997
17.384146524899993
12.843192387599998
8.851755536099997
9.241235203599997
15.346962950399998
17.594836944399997
20.04173823999999
13.459433064099994
12.522610012899994
14.272075065599996
11.823144710399996
12.315116304099995
18.648405824399994
17.879873971600002
22.146059521599994
13.131781488399994
11.691338947599997
10.269397068099998
10.448862300899995
11.375307652899998
15.428555526399995
14.664993660099999
16.56783052959999
20.950119036899995
12.697534489599995
15.556240339599993
12.833446464399998
24.278778022499996
32.418902937599995
40.26486261159999
49.33615456089999
57.85672766232099
53.334641545248985
40.8171487689
36.39117690009999
44.859319244099986
57.56948855193599
50.81978943999999
44.6538015225
54.72667547150399
51.202339447560995
53.1010977025
43.317195296399994
41.82286504359999
0.17485611296400003
0.4258906756089999
1.4408449239040002
0.030309417216
0.544729611364
0.8689185369640001
0.7580453529640001
0.29047572576400005
0.057100925764
0.27430882502500004
2.6917717982440004
9.077518203663999
15.127992438784
15.884624744703999
11.922117876964
8.020065408784
10.702463617444
14.076993732624
15.365082908224
19.659841659364
13.876980933124
6.662087534404
1.5026150593440004
0.015855090888999994
0.21798440454399998
0.9105587098240001
3.123851223364001
0.637621414144
0.31841868979599997
0.9950301901440002
2.1963595681440005
3.3407870395240002
1.5975493793640003
0.10310585220099998
0.8895356951039998
1.4778097851040004
2.1210776576640002
0.17641680039999996
0.152132761764
1.6676416423840006
2.3355541755040004
2.0294908584040003
2.9826740697640006
0.9851197710240002
1.0803565176040004
0.7755655582439999
0.8388215203839998
1.7366811802240003
1.3383759619240005
2.201163911424
2.514482546944
0.984008448784
0.008387445888999999
0.580543420356
0.7221124519840001
0.07493632502500001
0.9040434593439998
0.02339278480900001
0.12238102889999998
1.065709358224
0.029340606681
0.0016446269160000006
0.902990266564
1.5466852209639999
2.6398385585639996
3.2958877497640002
7.142031761763999
8.738278899364001
6.703739148963999
8.790382960164
4.721746469764
3.6785628897639993
3.399074820964
7.894178076963999
13.820237483364
10.592798696964
4.521398344164001
4.549936431364
9.589290768964
6.258292748964
14.394117305764
13.185308420964
9.155816636164
8.746557821764
9.798515146564
11.422088196964001
17.127662319364
21.482835661764
25.443529928964004
43.60037495136401
49.303681068964
55.32619443296401
60.066499066564006
57.004885824964006
60.543307397764
61.35366444816401
70.710574645764
73.655152378564
71.030476049764
0.4037331600000008
5.615004160000001
4.915089000000003
5.732193640000003
10.30153216
8.65771776
3.444736000000003
2.677477690000001
4.016416810000001
5.677735840000002
2.8355192100000015
2.483460810000002
3.160217290000001
4.396150890000001
7.8556878400000025
13.542400000000004
13.352446810000004
5.460634240000001
3.436945210000001
3.7787472100000006
3.7958728900000023
6.985449000000004
6.140484000000003
2.081383290000001
0.8732902500000015
0.20286016000000012
0.40768225000000063
0.2021401600000002
0.16136288999999995
0.0011971600000000129
0.23609880999999913
2.54498209
0.6364848400000008
1.371943690000001
0.4873436100000002
0.24571848999999937
0.5023974400000001
0.4357320099999999
1.4903526399999971
3.1712486399999973
5.916569759999997
2.5731368099999967
2.747969290000001
1.237878760000001
1.1303942400000002
0.6329793600000004
3.935462440000002
4.443663999999995
5.904899999999999
4.469841640000001
0.954138239999998
0.5191202499999993
0.005012639999999902
1.0233345599999992
0.09935103999999939
1.5148686400000009
2.234427039999999
2.6657092899999992
2.3941372899999998
0.2723796100000005
4.014813690000001
4.097790490000001
3.5407948900000012
1.6871412099999992
0.29398084000000024
3.3804499600000018
9.107116840000002
10.207386010000004
13.41830161
17.712313960000003
26.932986090000004
32.533334440000004
22.613829159999998
13.462294810000001
13.610934490000002
29.681793610000003
43.552080360000005
54.084257640000004
61.21067287562501
62.58814554528901
69.162192937161
66.792453202225
90.50554063360002
93.2315769225
78.3731301796
75.437475975625
78.8723386201
70.979681403136
49.553152360000006
35.92563844
44.394236410000005
53.739162490000005
57.17930689
59.459521
63.590560948161006
78.44078062240001
79.21231401690001
86.64519355560002
105.3993796164
