0.3911877024999998
0.6294359569000005
1.2203399960999994
2.4568995025
0.035819347599999996
0.19124878239999973
1.1948238864000011
0.025446630399999892
1.0355097599999996
0.0032718399999999907
2.7438266025
2.1729413281
3.775136306841
4.6607585366410005
2.72613121
0.9112611600000002
0.3644536899999999
0.7152084899999999
1.0036032400000006
1.4957289999999996
1.2329881599999997
0.32114888999999996
0.8150478399999993
2.7919068100000017
4.908883360000001
2.0943878400000013
0.0031024899999999847
0.5022556900000005
0.24790440999999958
0.8567353599999987
0.04330560999999998
0.09634816000000083
0.23658495999999973
0.11614463999999984
1.5944112900000016
5.236316889999998
2.6572260099999987
4.415461690000001
2.851707690000001
2.610163359999999
4.415251562500001
6.584766566400002
4.026563956899998
3.1894030921000005
3.7642596289000005
3.211192320400002
3.252972959999998
9.156070810000001
5.0512562499999945
4.430183040000004
5.555448999999997
6.401406010000005
0.211508010000001
0.005776000000000078
0.35307364000000085
1.0853472400000044
0.7277796099999961
0.38663524000000044
1.9549632399999979
1.6832467599999992
0.26832400000000073
0.08048568999999979
0.4537369600000006
1.4689439999999994
1.899435239999999
0.003881290000000058
0.4916814400000001
0.4323062499999985
0.04601025000000044
0.8219235599999953
0.6040398400000009
0.07485695999999907
0.007920999999999756
0.7981635599999996
0.16728099999999912
3.4983961600000004
0.001944810000000022
1.3761636100000036
0.5045260900000003
0.22591009000000067
2.863540839999999
0.4609052100000031
0.01990921000000044
0.8264628099999977
0.9576579600000003
0.8202924899999992
0.6694512400000016
3.1162840899999997
0.0039564099999998825
1.3544304399999962
1.1653202500000066
1.0367312399999933
0.01716099999999913
0.6163820099999998
0.02280099999999994
0.6650402500000002
0.4647148900000039
0.8628552100000042
0.6425625600000009
0.1285939599999994
0.553833639999999
0.07929856000000055
0.0020976399999999853
0.0359860899999994
0.010261690000000394
0.6258392100000002
0.7140250000000041
0.4264089999999983
0.0023522500000000635
0.12873743999999904
0.3881290000000014
1.3909843599999943
0.7518624100000011
1.371006809999999
0.19589475999999892
0.7501292100000052
0.5224398399999992
0.04084441000000061
0.3555736899999993
0.022680360000000222
0.9122160099999963
0.08976015999999885
1.315838409999996
1.7681020899999973
0.6807900099999984
1.681171560000004
0.01844163999999992
0.41512249000000156
0.0003802499999998903
0.08219688999999984
1.4275470399999932
0.0010890000000000825
1.6684888899999968
1.2223513600000058
0.11840481000000067
2.3959944100000063
0.0017056899999999728
3.682561000000002
0.8044296099999977
0.5584572899999988
2.1673728400000023
0.39175081000000184
0.014762249999999392
0.19945156000000008
1.4488936900000031
0.02433599999999963
0.11985443999999974
0.13823523999999762
5.613582489999995
0.9447839999999956
0.08684808999999932
1.228550559999999
0.3210355600000013
0.5178241599999998
0.05331480999999923
0.13075455999999946
1.2984602499999958
2.2918932100000093
0.8353959999999963
0.15721224999999972
0.04498640999999979
0.010691560000000124
0.05221225000000017
0.006006250000000088
0.002199610000000078
0.5830849600000004
0.05851561000000054
0.031011210000000598
0.06225025000000058
0.25321023999999964
0.25897921000000057
0.49928355999999735
0.7382246399999961
0.4954752100000012
0.0015444900000000613
0.5938243600000027
0.11971600000000006
0.045368999999998896
0.06145441000000067
0.06066369000000075
0.17833728999999993
1.0522656400000006
2.8193768099999943
3.437315999999997
0.13417569000000185
0.06295081000000073
0.9455617600000007
0.20466576000000072
0.13140624999999795
0.15452760999999757
0.1000456899999989
0.5346534400000017
0.1051704900000006
0.09096256000000032
0.6411204899999985
0.0004622499999999841
0.22344528999999969
0.028527210000000244
0.15944049000000016
0.15210000000000046
0.5165296900000027
0.003135999999999707
0.35271721000000167
1.7431920899999989
0.42850115999999805
0.028089760000000064
0.31002624000000295
0.051256959999999165
0.403225000000002
0.12702096000000052
0.01948815999999943
0.0062726400000000255
0.01957200999999923
1.1996820900000038
1.6090922499999987
0.2149249599999996
0.20232003999999978
0.0243048099999997
0.2181824099999986
0.3547393600000012
0.29398084000000124
0.029240999999999785
0.05419584000000047
0.0011971600000000744
0.002970250000000096
0.0011155599999997838
0.026601610000000008
0.14182756000000254
0.0682254400000012
0.25421764000000086
0.22733824000000075
0.11594025000000154
0.04048144000000002
0.3178704400000006
1.6174752400000063
0.6250483599999964
3.204816040000008
2.056355999999993
2.776555689999999
0.9006010000000031
0.032256160000000235
0.003881290000000058
0.008854810000000182
0.6006249999999977
0.2880468899999997
0.5369958400000014
0.013018810000000122
0.14417208999999978
0.004462240000000085
0.005083689999999609
0.021815290000000116
0.2685312400000002
0.7421822499999992
0.05396328999999936
2.430169210000004
0.9783188100000011
1.0455062499999945
0.0006300099999999169
0.15186609000000098
1.0656432899999986
0.03229209000000015
0.13293315999999955
0.21715600000000101
0.0010176100000000167
0.4725187600000003
2.0443280400000003
0.0015288099999998196
0.5337763599999986
0.03363555999999959
0.5224398399999992
0.36421225000000046
0.3119222499999985
0.09828224999999854
0.5947494400000005
0.06948496000000015
0.04338888999999905
0.12716356000000018
0.05363856000000011
0.8630410000000038
0.10784656000000133
0.5607014400000042
0.3201296399999993
0.24780483999999803
1.839549689999993
0.25040016000000265
0.5228736099999982
1.4051731600000033
0.007621289999999834
0.11316496000000077
0.14447600999999907
0.31371201000000226
0.0080460900000001
0.028594810000000085
0.09579024999999992
0.5296928399999977
0.0006864399999999652
0.0020884900000000066
0.2739475599999987
0.004970249999999876
0.015178240000000159
0.0025704899999999067
0.16128256000000157
0.0046922500000000315
0.017318560000000628
1.2023122499999976
0.14684223999999896
0.43811160999999904
1.1633779600000034
1.2501476099999962
3.227052959999994
1.410631290000003
2.432664089999998
0.7096377600000023
1.7437202499999978
0.7052640400000005
0.00565504000000009
0.04700224000000043
0.07398400000000013
0.10936249000000015
0.39483628959999867
0.00565353609999988
0.12986653689999975
0.3388404100000006
0.24176888999999982
0.6023312099999993
0.07187761000000024
0.19351200999999976
0.712336000000002
0.9202564900000013
2.0161160100000006
0.0006100899999999643
0.3809358399999983
0.4838593600000009
0.03200521000000018
0.2947404100000014
0.6352090000000009
0.09740641000000058
2.23173721
0.5853780099999978
0.16785409000000068
2.0443280400000003
0.001722249999999934
0.21473956000000002
0.8392392100000002
1.1835264099999987
0.15745024000000057
1.0355097599999996
0.03175524000000013
0.6882361600000017
3.371630439999993
1.129331289999999
0.005791209999999502
0.14243076000000113
0.009158490000000151
1.9304323600000055
0.4407632100000023
0.05683455999999934
0.3724660900000028
1.483280409999996
0.13860729000000072
0.0047059599999999995
1.5244840900000003
0.717070240000003
0.3106947599999974
0.07656288999999898
0.33419960999999904
0.05621641000000078
0.39614436000000053
0.5026809999999995
0.01865956000000038
0.11397375999999888
0.3848961600000001
0.02073600000000055
0.2726928400000016
0.028257609999999673
0.06859161000000036
0.0014062500000001066
0.0032262399999998946
0.006146560000000317
4.8399999999930715e-06
0.20784480999999977
0.32626943999999714
0.4249736100000016
2.7649038400000023
1.2405504399999987
0.0811680100000002
1.5410739599999967
0.47045881000000267
1.5936537600000034
1.2438940899999988
0.2648131599999997
0.34117280999999927
0.10004569000000002
0.2401000000000002
0.5718384400000023
2.8026108099999973
0.04946176000000017
0.7375374399999978
0.026373760000000537
0.037830250000000565
0.4432896400000011
0.022982559999999517
0.33419960999999904
0.36228361000000064
0.22657599999999914
0.06290063999999906
0.09859600000000003
0.5757774399999959
0.06980164000000129
0.009682559999999615
0.3173068899999979
0.1624090000000018
0.005212839999999813
0.008262810000000238
0.35581225000000294
0.05503716000000017
1.1915905599999994
0.0027878400000001364
0.08814961000000049
1.5580032400000017
0.32455809000000113
1.3635232899999998
0.4135776100000006
0.8221048900000013
0.7420099599999995
2.707341160000007
1.1214809999999946
0.9745638400000027
1.7205568899999957
1.543060840000001
1.2577622500000023
4.318499609999996
4.95997441
1.1803736025000022
0.2186497599999992
0.05682025689999988
0.026876323600000064
2.2706873343999967
0.045241289999999955
0.58323769
0.07485696000000004
0.007259039999999763
0.49207419040000017
0.1776201025000001
0.9462425625000026
0.01983027239999992
0.002401980100000087
0.3515659848999989
0.4026790849000001
0.03788472959999988
0.10471695999999936
0.06033409690000012
0.036046819600000474
0.3409158544000007
0.018009639999999966
0.01592644000000019
0.016002250000000013
0.03534399999999956
0.15256836000000074
1.1451140100000001
9.80100000000004e-05
0.9816846400000002
0.16966161000000085
0.47632082559999833
0.29083370410000126
0.07849522890000002
0.36886187559999867
0.17186828489999953
0.21892105210000054
0.14590108089999926
0.002773075599999946
0.5313972609000005
0.0005387041000000287
0.11609011840000069
1.392990062499998
2.4208248100000036
4.884542009999995
1.6445497600000023
1.0205040399999987
0.025058890000000174
0.6301184400000015
0.04397409000000065
0.27699168999999907
0.825008890000001
0.04613904000000014
0.13024880999999935
0.9219840400000008
0.31933801000000117
0.15311568999999947
0.2892288399999989
0.2292494400000014
0.22240655999999875
0.06051599999999934
0.1377894400000013
0.0012888100000001148
0.009545290000000284
0.6977260899999973
0.3555736899999993
0.06375624999999975
0.16621929000000013
1.7092947599999986
0.00036863999999998704
0.31629376000000026
0.6970580099999989
0.14439999999999925
0.06046681000000033
0.8602562500000004
0.28323683999999955
1.1852676899999985
0.898135290000002
2.058077159999999
0.664714089999998
1.0502150400000054
0.04297329000000002
0.7523827599999999
0.01016063999999991
1.6946832400000003
0.0004928400000000689
0.2177155599999997
1.3583902499999954
0.006083999999999907
1.325491689999998
0.004342809999999892
0.010261690000000394
1.9359939600000025
0.6985616399999983
0.2622464100000002
0.23571025000000176
0.9721960000000013
1.329870239999996
1.394052490000004
0.07160976000000087
1.2631512100000057
1.8536822499999985
0.22781529000000303
0.018306090000000233
0.7029145600000001
0.007395999999999746
0.5686668100000016
0.23980608999999917
0.03686400000000006
2.2089999999997222e-05
0.02047761000000013
0.40959999999999847
0.17994564000000068
0.008593290000000125
0.11539609000000038
0.06780816000000033
0.9158490000000015
0.001755610000000004
0.0016564899999999424
0.21902399999999997
0.3941328399999985
0.014932839999999859
0.13220495999999995
0.004212010000000196
0.5249002499999986
0.0891619599999992
0.024711839999999863
0.43850884000000045
0.017742239999999642
0.0424359999999998
0.1143116100000005
0.05461568999999949
1.5577536100000022
0.00937024
0.04752399999999999
0.011193640000000072
0.1985593600000006
0.13490928999999882
0.04579600000000094
0.061157290000000475
0.02598544000000029
0.7789827600000001
0.0813960900000007
0.12110399999999928
0.17455683999999977
1.610107210000001
0.7082905599999995
0.047175840000000024
0.28547648999999997
0.017742239999999642
0.2815363599999997
0.009900249999999809
0.06734025000000049
0.023592959999999715
0.8297388099999997
0.009082089999999989
0.08473921000000112
0.008353960000000027
0.027192009999999794
0.40717161000000185
0.06594624000000007
0.0019980899999998973
0.05963363999999966
0.5611508100000004
0.054289000000000254
0.08462281000000035
0.2629638400000022
0.002079360000000028
1.0446884099999965
0.7759848100000009
0.03560769000000028
0.5419904399999976
0.0017977599999999053
0.05536609000000024
0.9051619599999992
0.00833569000000007
0.08755680999999976
0.32844361000000016
0.27952368999999877
0.07535024999999985
0.11854249000000035
0.39275288999999947
0.48986000999999935
0.21566735999999953
2.50620561
5.534962022500003
4.3168372900000005
6.2174425104
1.306700472099999
0.01661263209999993
0.3781143080999995
1.2427567441000005
0.9853262284959999
0.0032344243840000037
0.2577877219840001
0.029336838399999957
0.65723449
0.03887600890000011
0.1349019441000001
0.19056717160000014
0.04259683209999994
1.6834284008999998
0.6132142864
0.7224320015999997
0.31936061440000035
0.001863648899999994
0.09220332250000011
0.4599416760999998
6.2504000064000005
6.49842064
0.25397568159999995
0.7221430441000001
2.4584044849
1.5082296100000006
0.05817743999999982
3.990405760000001
1.2450096400000004
0.5400780099999996
0.16711744000000023
0.4798332900000004
0.15856324000000008
6.889000000000325e-05
0.15437041
0.34070568999999934
0.4749966399999994
0.5640010000000005
0.37356543999999914
0.8873640000000004
0.35034561000000036
0.7305120899999996
1.0922340100000003
0.2547220899999999
0.2149249600000001
0.60918025
0.08567329000000001
0.06625475999999998
0.061652889999999995
0.057936489999999986
0.09400355999999999
0.0012744900000000046
0.36324729
0.09205434837633969
0.11377438992954368
0.05745608999999999
0.03250809
0.70613871078436
0.13333262372676
0.4853100761640001
1.3009911720999994
2.9054225209
0.6812851599999995
0.8053088121000003
0.17374724890000004
0.7161559876
0.039380021136000025
1.524795250276
0.7354777599999999
0.06487209000000008
0.9118340100000002
8.999999999998017e-08
0.06640929000000002
0.8642052435769602
0.032093862585760004
1.313714838276
0.04665599999999999
0.22155849
0.07941124000000002
0.03363556
0.794490560964
0.173673894564
0.543169
0.8811576900000002
2.42861056
0.8253722500000001
0.6742052099999992
0.018686890000000074
0.5587562500000007
0.03222025
3.2522515600000026
2.808999999999146e-05
0.7409766400000004
0.4985772100000002
0.5721409600000003
0.13169640999999985
0.12752040999999997
0.014883999999999972
0.04040100000000003
0.6146559999999996
0.7621289999999996
1.1429748100000012
0.765625
0.35236095999999933
0.10445823999999995
0.9576579600000003
0.6696148900000012
3.356223999999996
1.4908410000000003
0.1542132899999997
0.9139359999999991
0.5425795600000015
1.947420249999998
0.8774068900000002
0.22458121000000042
1.7004159999999984
0.10549503999999985
1.2663000900000003
0.4710076900000002
0.23193856000000024
0.10284848999999971
0.6585322499999995
0.0007952400000000001
1.4280250000000008
0.21473956000000002
0.7000668900000008
0.83101456
0.06466848999999987
1.5971904399999994
6.240999999998976e-05
0.001755610000000004
0.08631843999999951
0.1318416099999995
0.0012531600000000068
0.1111555599999995
0.0008008900000000373
1.0213123600000003
1.8198010000000004
0.0799192900000001
0.32547025
4.410000000001826e-06
0.7077856900000007
0.024964000000000115
1.8763520400000016
0.02076480999999997
0.6465768100000001
1.260006249999999
0.8591436099999997
0.07695076000000005
0.36433296000000015
0.27910088999999977
0.03564543999999986
0.02702736000000018
0.014042250000000011
0.14737921000000043
0.0009000000000000149
0.5396371599999993
0.1719760900000006
1.062342490000001
0.7192736100000009
0.61277584
0.3603600899999998
0.0004972899999999796
0.806583609999999
0.6635731599999978
0.0002656900000000356
0.3689347600000002
0.33016516000000024
0.19351200999999976
0.0007728399999999533
0.5800345599999994
0.10764960999999945
0.004006889999999989
0.1888771599999997
0.035081290000000175
0.08088335999999986
0.4780339599999997
0.0017892899999999252
4.365592359999998
0.5038160399999994
0.0006604900000000257
0.008353960000000027
0.18748899999999985
6.069817690000001
0.47817225000000063
0.03806401000000002
1.720556889999998
2.4674126400000036
2.1377364099999987
0.8676922499999996
0.08473921000000008
0.03575880999999993
0.05688225000000007
0.09884735999999945
0.0842740899999991
1.426113640000001
0.4507779600000003
0.030940810000000138
0.011130250000000218
0.9426468100000006
0.6342529600000003
0.46308025000000047
0.5507124100000009
3.8357222499999963
2.9553048100000034
8.682451559999999
4.0
4.425650460729
0.9222855674489998
0.19839006810000007
1.3659999376
3.3449117881
1.8574964099999993
2.155053360099999
0.09262892250000021
1.1115695761000002
0.6266305599999997
0.6570075135999999
0.21325924
0.004319118399999971
0.2739266243999997
0.026764960000000063
0.00347156640000001
1.0388297928999997
0.28223718760000005
1.9809436515999999
0.17601129436900004
0.19110711696399996
0.14230473628900003
0.2588591235240001
0.006657580836
0.5195670561
1.1144602624000004
0.8434034569000003
1.1465847993690004
0.10561915008100002
1.286259929956
0.8682512400000001
1.1521875599999998
1.3128576399999998
1.367496360000001
0.6773289999999992
0.047175840000000024
0.6380814399999999
0.045667690000000094
3.15382081
2.4765316900000003
1.2267777600000003
1.0359168399999996
2.06193373519225
0.16566405934225
0.938693575044
0.6119932900000001
0.2782562500000001
0.30658368999999996
0.004719690000000001
0.06235009000000002
0.096765167041
0.014671750128999995
0.30658147520400003
0.46348863999999995
0.50537881
0.3064729600000001
0.43230624999999967
0.6834328900000004
0.6834328900000004
0.23270976000000015
0.030695040000000087
1.761459840000001
0.011067039999999992
0.7421822500000006
0.1036196099999999
0.04481689
0.04198400999999994
0.4580582400000001
0.00234256
0.0019272100000000238
0.16974399999999992
1.23543225
1.5398328099999998
0.0008584899999999801
0.020996010000000072
0.009682559999999965
0.006368040000000015
0.07365796000000005
1.3333320899999996
0.3826659600000003
0.0016646399999999957
0.42146064000000055
0.7967347599999998
1.0056078400000013
2.1359822499999987
0.21381376000000013
0.15319396
0.60886809
0.6514104099999996
0.013340249999999986
0.020592250000000117
2.0374707600000015
0.43811160999999904
0.16941455999999996
1.6850636099999996
0.17322243999999992
0.01473795999999988
0.23707161000000032
0.1689210000000004
0.06548481000000024
0.12737760999999967
0.10394176000000001
0.2828112400000005
0.0004972899999999796
0.012701289999999855
0.039481690000000215
3.41067024
0.37136835999999995
0.01256640999999997
0.5065168900000007
0.005299839999999997
0.06456681000000011
0.726585759999999
0.07033104000000005
0.4916814400000001
0.34152336000000055
0.3896256400000001
0.1923699599999993
0.8288281599999986
1.3165267600000026
0.6052840000000007
5.31394704
0.5001318400000004
0.06801663999999984
0.6541574399999995
0.022680359999999955
0.09162728999999985
0.6277392900000001
0.05377760999999979
4.949735039999997
0.8350304400000003
0.8673196900000004
0.006560999999999922
2.99497636
2.3344784099999996
1.5625
0.012701290000000054
0.05712099999999994
0.1377152099999995
0.6382412099999996
0.4715568900000001
1.1798304399999997
0.0005904899999999887
0.12229008999999993
0.17464040999999994
0.00044943999999999513
0.6443272899999996
0.44769481000000033
0.00022200999999999742
0.18931201000000022
1.5114243600000001
1.2356545600000004
0.31259280999999994
0.03463321000000006
0.8956729600000003
1.5745230399999988
0.25
0.1504664100000001
0.9383796900000002
0.1004890000000001
0.02982528999999995
2.521108840000002
0.09909903999999999
0.7185952899999994
1.132521639999999
0.3744216100000004
0.5511577599999999
1.0298190399999985
0.025985439999999718
0.2756250000000004
0.3631267600000008
0.22363441000000092
0.0029811600000000707
