1.588507329600001
1.0748712976000003
0.7555955625000002
1.3147603569000001
3.336613689600001
1.4542430463999998
0.46010445609999967
0.01589616639999999
0.6034182399999996
0.39881751040000013
1.7372821636
2.7191680201000015
0.36440539559999957
0.2672269636
3.6616736024999996
10.1862467281
5.101861212899999
7.5463386435999995
4.543931722499998
6.9834404644
3.0695740804
2.0667225121000006
2.7489971601
6.3165763584
5.094500410000001
5.550924481600001
13.959115716100001
11.199798492100001
13.215624208900001
21.918221256099997
34.747547037025
37.761049580004
43.787838748644006
46.44286201
46.043010249999995
33.122511206656
25.423478308900005
35.366285665936005
28.172210062500003
27.986745062500002
24.34929025
29.917399302400003
35.322018492289004
29.444080537599998
26.716906945599995
26.4087043236
35.162018079049005
26.972857731600005
39.311432833689004
37.170494691121
28.314743745599998
32.042505572100005
25.427713908099996
27.4409393281
22.833106559999994
23.311322112399996
24.310027470399994
23.7530491641
18.438779521599997
16.048116120099998
14.643097156899998
15.4106494096
17.1082331641
18.75582864
14.5154904064
9.007921742399999
10.6610086144
12.2648444944
11.487286704099999
10.4448544225
5.139062302499998
3.766665824099999
3.227052960000001
2.6862554404000005
4.575192660899998
4.00480144
5.7626403024999995
5.216016499599999
7.3096151768999995
4.407858260100001
1.6891421088999996
0.5429184489000005
0.13135550489999986
0.012929964100000045
0.5803697124000002
0.0894488464
0.4908683843999997
0.5668433520999998
0.20731630240000035
0.6044285024999999
2.5599999999999987
9.972521884899999
6.449415784900002
4.8092051400999996
2.6118115321
6.1729390116
6.203835562500001
2.1169668003999997
2.4132690408999995
0.08041761639999984
0.7582403928999989
2.7669328280999994
4.964073120399999
4.596350088099998
5.2906900225
7.5092440899999975
18.879025
22.755132414755995
25.719199388099995
20.308109628303995
9.83888689
6.0813039609
4.350269632899999
5.8157663281
5.192063532099998
3.164947740899999
0.16881415690000007
0.004696360899999997
0.016103610000000004
0.0070543201000000015
0.0768897440999999
0.05351356889999991
0.0339812355999999
0.31172122240000016
0.0995718025
0.0454798276
0.000234089999999996
0.09531421290000038
0.7018250625000011
2.2440639204000012
7.521470800900002
9.868205476900002
14.093266810000008
12.984779833600006
7.540680760900001
2.0345884321000014
0.7613435025000007
0.3610928280999998
0.015284376899999867
0.029721759999999885
0.2990886720999994
0.9745243523999999
0.07048494009999988
0.07609873959999987
0.39924705959999957
1.0170722499999993
1.1035922703999994
0.1700902564
9.900249999999808e-05
0.07594433639999984
0.2273573124
0.3464264163999993
0.7776770595999993
0.7914771224999994
0.02905320249999992
0.7102781284000005
0.7375889689000004
0.08015693440000014
0.2583688899999993
0.016568838399999872
0.006590192399999969
1.0679362280999998
3.7882393956000007
5.86753729
6.947547072399999
5.249322499600002
6.368657904400001
8.5335262884
11.849222752900005
5.893727290000003
3.4931610000000024
7.993625290000001
11.078978820099998
10.246401000000004
6.080761446400003
4.584137923600002
9.256197760000004
9.5263587904
4.286638976400002
5.513103999999999
9.010743204100004
7.890930446400004
11.071990051600002
6.325627406400001
6.9382194025000015
9.084557683600003
10.910337486399998
14.261574602500003
13.727617806400005
14.386090409999996
9.742014288400005
8.0734403044
5.525179324900002
5.7992827489000005
8.0137117225
10.671916904100001
11.315419545599998
9.172720822500004
0.04845281439999984
0.01589616639999999
0.4939840656000002
0.3896630929000009
0.8418980025000006
0.3175547904000005
0.09442099840000027
0.011635936900000029
0.17969120999999977
0.06242002559999992
0.11885945759999997
0.028662489999999926
0.5087255624999992
2.0538615968999983
2.6021883969
1.8731207043999998
1.5301689999999981
1.4143869183999982
2.4745806864
2.7223350024999986
2.6382205475999987
0.9295080920999996
0.8220504889000002
0.5577102399999992
0.7805722499999995
0.8379937763999986
0.41620561959999947
0.3364696035999995
0.3225217680999994
0.18685735289999994
0.44234470809999904
1.4083280928999997
2.9057975295999983
4.69242244
4.724450016399997
4.5449549720999975
5.415999472899997
6.483745542399999
6.963582099599996
6.170454721599997
6.884011587599999
4.491262947599998
2.7219720255999977
2.6646318168999996
4.5940349569
1.6848299600999992
0.12972242889999944
1.2780980809000007
2.1089719729000005
1.350429926399999
0.1634908356000003
0.3684004415999999
0.06862828089999991
0.5181984196000009
0.7449070864000001
1.6894020529000013
0.08979012250000039
0.28730672009999914
0.501164884899999
0.007995936399999931
0.31490054560000114
0.4811225769000009
0.36092459290000084
0.2025810081000003
1.5023159761000004
5.429366009999999
12.710294522500007
16.185735922500008
14.790562222500004
14.061375022500002
13.448722562500008
10.864604822500006
13.300244302500003
10.477845302500002
11.851150502500005
12.575889062500003
12.440787122500005
17.94835590250001
16.694987402500004
12.868362562500007
10.832984822499997
13.669657562500003
18.275197502500003
14.248737562500008
12.439376302500008
16.9723400625
13.233952622500002
15.877435622500002
16.4223510025
11.661200522499996
13.333087102500004
10.236480302500004
10.492740562500002
9.883164062500004
10.276833062500002
10.599256922500008
14.640954322499997
14.676177902499997
12.1065723025
0.006083999999999907
0.42367081000000006
0.3697856099999982
0.0012744899999998936
0.1913187600000002
0.5524948900000021
1.7619907600000022
2.167961760000001
1.5304164099999997
1.1754896400000021
0.3294759999999998
0.2626562500000011
0.07198489
0.012321000000000144
0.06441444000000002
0.17372224000000022
0.132860250000001
0.038572960000000225
0.049506250000000064
0.0954192100000008
0.1604803600000006
0.0004452099999999488
0.2556313600000012
0.02056356000000044
0.019516090000000354
0.5795776900000005
0.07382088999999954
0.0005712100000000546
0.11162281000000078
0.19678096
0.6652033599999998
0.019768359999999766
0.00407043999999984
0.015625
0.4780339599999997
0.08105409000000048
0.008172159999999805
0.16273156000000105
0.12902464000000094
0.053176360000000374
0.10169721000000069
0.13542400000000024
0.13823524000000026
0.20912329000000004
0.13542400000000024
0.04355569000000014
0.10751841000000092
0.07403841
0.1411504900000001
0.22477080999999996
0.045795999999999414
0.010180809999999863
6.083999999999353e-05
0.1004890000000001
0.07639696000000036
0.111022240000001
0.022891690000000266
0.1802851599999999
0.11155600000000095
0.02569609000000039
0.09672099999999996
0.08832784000000007
0.007992360000000224
0.02042041000000026
0.004747210000000147
0.003782250000000068
0.00077840999999994
0.0745290000000008
0.10712529000000068
0.018224999999999943
0.1884428100000007
0.20097289000000132
0.033966489999999475
0.44595683999999963
1.1005478648999971
1.1636584129000005
0.6527024100000001
0.01760928999999995
0.05094048999999991
0.018878760000000355
0.1047816899999992
0.5439062499999985
0.12180100000000015
0.010983040000000187
0.0019009599999999685
0.12432676000000048
0.0063202499999999145
0.08684808999999932
0.010100249999999695
0.011793959999999814
0.02900209000000034
0.006658559999999983
0.0042902500000000145
0.011299689999999824
0.03341583999999946
0.1694968899999998
0.25603599999999843
0.8537759999999991
0.2038522499999994
0.1528028100000002
0.04301475999999992
0.006225210000000135
0.02483776000000013
9.409000000000943e-05
0.24108099999999966
0.7335922500000008
0.4065337599999988
1.0600761600000006
0.77228944
0.08970025000000006
0.5145192899999997
0.6377619600000006
0.003660249999999919
0.022171209999999813
0.17255716
0.5320243600000001
0.34857215999999874
0.694888959999998
0.7392560399999998
0.1758963599999996
0.06512704000000016
0.4435560000000005
0.7267562499999985
0.3229648899999988
0.0001322499999999964
0.0016646399999999232
0.004096000000000008
0.41925624999999883
0.4065337599999988
0.593054009999999
0.6771644099999982
0.06822543999999936
1.1320960000000002
0.3303950399999997
0.08288641000000029
0.2931139599999994
0.22344528999999969
0.3697856100000004
0.1260250000000003
0.5941326399999992
1.0631672100000007
0.72743841
1.0578122499999987
1.2309902499999974
2.070433210000001
3.4206502499999965
3.1275922499999984
1.5326439999999988
0.747879039999998
2.4202024899999994
3.424350250000001
7.591127040000002
14.80787360999999
19.94962225
19.115258409999996
16.769024999999992
11.89008324
13.45202329
15.112656249999995
18.830392359999994
19.186152040000003
19.670112010000004
17.741786409999996
18.921630009999998
15.76089999999999
18.064200039999996
18.048052890000005
16.358789159999994
17.337230440000003
17.84978001
22.254806249999994
16.590143610000002
19.108263689999998
20.887642089999996
16.888812160000004
14.727941289999999
15.604870090000002
17.685389159999993
18.230338090000004
15.375809439999992
15.832440999999994
15.649144809999997
17.37055684
17.41977169
16.125043359999992
12.311677439999993
13.504155039999995
17.697166239999994
17.14870921
12.637314009999999
16.286874490000002
15.803010089999992
20.921476
18.34837225
15.139881
17.90813124
17.46571264
19.06457568999999
0.39891856000000075
0.050490090000000154
0.0014516100000000018
0.0019272100000000628
0.10804369000000087
0.25623843999999973
0.1477633600000009
0.15992001000000047
0.41512249000000156
0.030730090000000005
0.3210355600000013
0.13147876000000033
0.0007784100000000391
0.005610010000000195
0.2011522500000009
0.09916200999999983
0.1287374400000003
0.010020010000000237
0.04691556000000063
0.05798464000000006
0.008854810000000182
0.011599289999999884
0.05116644000000018
0.13155129000000018
0.00033488999999999936
0.17172736000000044
0.02499561000000032
0.4536022500000009
0.0757900900000008
0.0003027599999999488
0.5048102500000021
0.45131524000000145
0.6953892099999998
0.205934440000001
0.13402921000000087
0.15840400000000115
0.17205904000000116
0.03724900000000054
0.12362256000000088
0.06943225000000026
0.07230721000000019
0.3654202499999998
0.11826721000000098
0.28965923999999976
0.06270016000000042
0.06568969000000068
0.40921609000000164
0.10653696000000089
0.17197608999999986
0.16128256000000013
0.004277159999999813
0.6198412900000002
0.007849959999999923
0.1425062499999996
0.09241600000000016
0.013271039999999942
0.016848039999999863
0.04289041000000021
0.001962489999999981
0.19998784000000044
0.06708100000000018
0.2307841600000012
0.005944409999999957
0.11350160999999999
0.3645744400000017
0.08702499999999996
0.307470250000001
0.20820969000000053
0.05798464000000006
0.26286129000000064
0.03330624999999972
0.17472400000000088
0.1255284900000002
0.0012110400000000423
0.19421649000000127
0.0053290000000000585
0.07907344000000006
0.12313081000000077
0.28015849000000104
0.26656569000000113
0.04618201000000004
0.49970761000000136
0.004747210000000147
0.022500000000000107
0.0002073600000000055
0.016563690000000065
0.05438224000000003
0.0034339600000000245
0.06456681000000056
0.042849000000000304
0.03956121000000003
0.3784710399999997
0.0031809600000000005
0.0002402499999999815
0.3167438400000012
0.24098280999999988
0.15319396000000068
0.036328359999999955
0.06290063999999995
0.04782969000000005
0.4032249999999997
0.5667078400000009
0.38291344000000027
0.6608064100000014
0.27060804000000094
0.29203216
0.71707024
0.2776236100000013
0.18688328999999973
0.43243776000000056
1.2254490000000025
1.6664228100000016
1.0128409600000021
0.5578596100000002
0.9814864900000007
0.5444964099999997
0.1204090000000009
0.2646073600000002
0.2672890000000013
0.961380250000002
1.540825690000002
1.9435148099999997
1.7840944900000026
0.4641696900000003
0.4106246400000006
0.4537369600000006
1.7025030400000005
0.6325020900000016
0.24364096000000068
0.7221600400000002
0.4493020900000014
0.6321840099999995
0.5510092900000003
0.11269449000000067
0.12068676000000025
0.24770529000000002
1.0703971600000022
0.8589582400000001
0.7499559999999994
1.4947507599999998
0.43943641000000067
0.6821108100000012
0.5043840400000006
0.6305948100000004
0.9021200399999996
0.4876228899999996
0.22080601000000083
0.5227290000000011
0.9011704900000017
0.7184257599999998
0.35736484000000146
0.84492864
1.4810890000000012
0.8003091600000009
0.6340936900000007
1.0836810000000008
0.7121672099999994
0.48566961000000164
0.5138022400000014
0.6985616400000013
0.9042108100000014
0.6212592399999997
0.7910323600000003
0.8132432399999995
0.10549503999999985
0.29833444000000076
0.7039210000000007
0.3388404100000006
0.2570489999999997
1.1638094400000023
0.6401600100000008
0.4632163600000001
0.5562176400000014
0.49632025000000174
2.406531690000004
0.8452963600000024
0.2781507600000001
0.2556313600000012
0.45819360999999975
1.2950439999999999
0.5015472399999996
0.2321312399999998
0.1780840000000005
1.4852296900000004
1.30713489
0.8790937599999996
0.4431564900000014
0.7202916900000015
0.9319971600000013
0.47734281000000134
0.4766521600000005
0.8094600900000019
0.7579443599999993
0.7609072900000017
0.2776236100000013
0.18404100000000023
0.6119932900000017
0.47623801000000143
0.004422249999999941
7.055999999999938e-05
0.0066422500000000205
0.1086361599999995
0.0011356899999999744
0.016537960000000126
0.00035721000000001366
0.02778889000000017
0.043680999999999845
0.0009610000000000362
0.08702499999999996
0.03625216000000013
0.07540515999999974
0.1940402500000001
0.21473956000000002
0.14348944000000002
0.0005336099999999747
0.09659664000000026
0.38800440999999947
0.04765488999999968
0.016796159999999984
0.4942089999999992
0.20430399999999996
0.010650239999999854
0.15848360999999955
0.12027024
0.46376099999999887
0.28515599999999885
0.02143295999999996
3.6099999999966734e-06
0.028527210000000244
0.0850305599999994
0.1915812899999996
0.043347239999999884
0.585990249999999
0.022022560000000156
0.1615236099999996
0.007796890000000048
0.002342560000000086
0.003192249999999974
0.0013838400000000255
0.1857609999999993
0.0011222500000000056
0.006707609999999868
0.38427600999999934
0.19963023999999968
0.04511376000000025
0.060466809999999455
0.08014560999999958
0.10751840999999976
0.14047504000000036
0.2031304899999995
0.028022759999999626
0.1471489599999996
0.0582256899999995
0.1507768899999994
0.19607184000000008
0.009158489999999811
4.2249999999987806e-05
0.6617822499999991
0.8183011600000005
0.1729728100000005
0.0010048899999999335
0.027224999999999718
0.00029240999999997355
0.011968360000000181
0.5346534399999991
0.06320196000000014
0.19598329000000028
0.0012320099999999937
0.028324890000000113
0.006304359999999952
0.034931609999999856
0.007140250000000041
0.039006249999999916
0.0346704399999998
0.03686400000000006
0.07171683999999966
0.07230721000000019
0.05225796000000006
0.02490083999999998
0.053823999999999685
0.000723609999999972
0.014089690000000111
0.009389609999999955
0.1538992900000004
0.011491840000000135
0.009506250000000029
0.1977580899999993
0.04575321000000027
0.15319395999999927
0.045028840000000445
0.25897921000000057
0.01418480999999989
0.001755610000000004
0.05579044000000009
0.07236100000000006
0.021667839999999935
0.0006150399999999526
0.10387729000000016
0.9341222499999998
0.19000881000000017
0.0022944100000000262
0.09878449000000071
0.07333264000000068
0.12996025000000003
0.0784560100000005
1.0030022500000002
0.6408002500000021
0.23309584000000097
0.16540489000000058
0.04700223999999966
0.08456464000000048
0.21930489000000097
0.12702096000000052
0.32478601000000057
0.14424804000000094
0.006006250000000088
0.245025000000001
0.12517444000000102
0.1372702500000012
0.57517056
0.03648100000000028
0.00256036000000011
0.00462400000000019
0.05193841
0.04048144000000002
0.23824161000000108
0.05071504000000043
1.5999999999996476e-05
0.011707240000000016
0.00017424000000003197
0.33744481000000176
0.05769604000000073
0.06640929000000083
0.0003572099999999465
0.027555999999999532
0.14055000999999884
0.001361610000000077
0.41912676000000143
0.18490000000000129
0.5984569600000001
0.13483584000000032
0.006037290000000016
0.006922239999999953
0.07409283999999988
0.15397776000000024
1.12890625
2.775222810000008
3.743838010000003
3.458484090000007
1.485961000000003
0.020420409999999754
0.34574399999999905
0.20793599999999957
0.06461764000000045
0.3923769600000004
1.4716116100000018
0.980496040000003
0.02604996000000014
0.01038361000000011
0.041452959999999914
0.0841580100000004
0.0940035600000008
0.9335424400000012
0.8883062500000015
0.851559840000001
1.0555507600000003
0.4614484900000018
0.8552550400000022
1.0223232100000015
1.0830564900000021
1.1900628100000028
1.0377496900000016
0.7754563600000021
0.5623500100000004
0.16892100000000113
0.052854010000000305
0.005241760000000003
0.38130625000000185
0.702076410000002
0.5521976100000001
0.2192112400000012
0.17850625000000103
0.38155329000000127
0.9451728400000017
1.6302182400000038
1.8289857600000032
0.71707024
0.0858490000000006
1.9600000000008118e-06
0.011990250000000131
0.027489640000000277
0.14100025000000047
0.8545153600000006
0.3229648900000008
0.004448889999999879
0.01638400000000003
0.3517676100000018
0.26071236000000014
0.0033640000000001863
0.004747209999999903
0.023500890000000475
0.0029593600000001213
0.10182481000000039
0.07300803999999952
0.014883999999999972
0.001998090000000056
1.0239999999997744e-05
0.0006051599999999759
0.032328039999999426
0.035758810000000606
0.05071504000000043
0.05579044000000009
0.04866436000000045
0.03686399999999938
0.5733518399999988
1.2766740099999982
0.8112604899999977
0.4055142399999989
0.14569488999999894
0.07941124000000029
0.0010432900000000714
0.17489124000000048
0.14676561000000052
0.040040010000000334
0.04157521000000035
0.03972048999999966
0.04186115999999968
0.014835239999999653
0.0001123600000000035
0.12320099999999937
0.10543008999999999
0.23107248999999885
0.29452328999999994
0.2912760899999998
0.0916878399999997
0.41460721000000045
0.2135364100000012
0.04618201000000004
0.03837680999999998
0.5011224099999981
0.2833432899999993
0.003782250000000068
0.3455088400000017
1.2902688100000028
0.7072810000000018
0.07750656000000074
0.032905960000000005
0.0005017599999999691
9.409000000000943e-05
0.0068227600000001845
0.15594601000000125
0.08168164000000003
0.45914175999999995
0.06421156000000049
0.0027984100000001118
0.1008062500000005
0.00970224999999992
0.06051599999999934
0.4472934399999989
0.11195716
0.03526883999999974
0.00877968999999969
0.016615209999999946
0.08976016000000099
0.07118224000000091
0.6332976400000025
0.5568144399999999
0.5249002500000012
0.07049025000000063
0.009006009999999828
0.43917128999999894
1.905780249999999
3.843952359999998
4.356821289999996
5.9976009999999995
10.52742915999999
11.975060249999999
5.5070008899999925
2.2183123599999997
0.2563396899999995
0.037210409999999944
0.0007896099999999134
0.03433609000000058
0.18011536000000028
0.017582760000000013
0.2442336399999993
0.34857215999999874
0.03157728999999991
0.00042848999999998836
0.2612232100000008
0.14768649000000109
0.07214595999999962
0.012454559999999833
0.0036844899999998624
0.09247681000000002
