0.3911877024999998
2.0130501924000006
6.3681027201
16.735953721599998
15.223262889999999
12.001928784400002
5.623063689999999
4.8919707684
10.4288951844
10.0627259524
2.2974374329000002
0.0017338896000000101
3.6150595715609994
16.485305244099997
32.6190619161
44.434356128100006
52.8472295521
65.85825639610002
50.602024520099995
34.6981080601
22.849451612100005
28.588377176099996
39.057625152099995
62.7344786601
102.7407259321
134.17307055610001
135.4665537801
119.4716766961
130.6039838041
152.61662151609997
157.80158284809997
165.6963647361
178.4551328641
187.6765742401
154.67424297609998
102.99225522009999
72.56330892809999
41.1793007521
22.3578611281
9.689586096100001
1.0232536336
2.4165324304
12.681789322499997
28.5908367616
53.1034295841
82.43169105610001
118.4351181841
193.4516575161
261.0224753161
333.4637557801
425.10151164009994
535.8340706481
557.3371918401
560.9313823201
533.1384022441
486.11386304009994
449.22336211210006
423.2520321481
367.6764065121001
319.6046487001001
301.35189306010005
291.58260412410004
315.0408453721001
359.53431073210004
413.69892136810006
411.16848974410004
440.0970426801
468.1160632801
458.88023382009993
420.86071171210006
389.5764065361
400.4517274641
396.8976388441
362.0986546321
346.7003036121001
419.85198428410007
418.04668551610007
371.4519981481
344.57717258409997
327.15729450009997
391.23613649609996
418.55390478810006
412.8003999001
376.6856023921
415.62936126010004
453.37864743610004
488.89145659210004
570.0724489161
573.0800300281
630.1550863520999
685.5175461121
739.8720963481
732.7627027681001
690.8744145601
698.8351315401001
656.3838876001
621.9183081240999
669.1115184961001
711.2243600641001
730.4798102121
771.2612111281
786.9814691761001
789.5532390201
800.2499819161
805.9915322001001
761.6987292321
715.7706301320999
681.2564587921
678.7270247120999
660.1605670881
692.5629092281001
756.0294660801
804.4648743481
872.2565653201
898.5959480280999
951.2715264361001
907.2077736121001
895.0741584841
859.7497758201
868.6040889681001
925.8138912961
944.1356237040999
874.9580604961
798.0619350001
752.1245915121001
682.6875383240999
675.6095364001
709.5185815041001
710.5577965640999
695.3552767680999
633.7700515441
632.1096044041
698.7293935800999
758.4014780281001
739.5674811001
657.7732254680999
655.6564815241
561.0640205041
519.3790862121
553.9993130961
625.4695881721
657.1680933841001
663.4122311041
640.6057178361
702.9863629321
694.7383652521
676.6080166561001
696.0885445800999
576.6813213560999
530.9425199961
544.6104348721
597.5722031841
625.5946413721
662.1095776201
674.0456945121
655.4004486241
598.3547084641001
526.5827078120999
485.4702748921
503.0999654121
512.6597111601
507.98803918809995
497.7401158081
501.20418600809995
499.10642967609994
465.57081286809995
476.0683246201
483.78398410810007
472.8706844481
451.2391329121
429.8776075801
401.0763230721001
436.2287554881
407.32079319609994
408.90865782009996
440.66784256810007
455.31408484810004
464.4494801880999
475.1959650201
485.99481118410006
504.79260040810004
551.9393736921
633.6542528001
730.4311617200999
750.3649439841001
736.6821927721
684.8422068601
661.3687180681
642.8552340681001
662.9435403360999
646.7555973321
610.0993860361
626.2250997601
641.4108346881001
682.6091557041
681.4861659841
706.3895524401
715.3961246721
694.1954988081001
673.7964786081
711.6244481641
714.6153286440999
746.7206599161
820.6213893201
783.5459057721001
774.1911140041001
743.5160109000999
731.2205483881
697.2815890881
716.2308710001
708.7782719521001
704.5674788161001
712.0139752880999
771.6667296321
843.7508658121
817.0330507641
791.5213933201001
800.3178762121
774.1076433841
741.3198752961
771.1390209721001
780.6653933521001
793.7286347761001
791.7802471881
794.8503237481001
796.7347377200999
805.9688203681
827.4936871161001
812.5344549001
784.0442406240999
810.9731322081
830.4823112481001
818.9263932721001
786.9758585481001
717.2374940640999
675.5159666761
585.6637162400999
518.3130669201
445.21801803610003
406.0704584161
413.3410220241
410.8116868801
414.63507150810005
446.79771100809995
469.77484700409997
502.07768226810003
507.20399901610006
524.4507627921
527.5147839361
530.7950602200999
537.6225931560999
513.8604388800999
475.54481286009997
465.46724859610003
400.63184932409996
362.01493235609996
324.15085755610005
325.0552979041
339.2591926201
378.35268266410003
371.3941811281
357.47427086010003
375.31274154010003
374.07776238810004
401.14041168010004
460.4582097241001
462.13777681209996
494.0835394400999
485.96394826809995
454.6187288041
480.7183415841
505.52081276409996
491.52175868410006
457.9210528281001
446.7089375401
455.5573715640999
440.4621440960999
450.23704906409995
490.52460188410004
476.08577997209994
509.32319987610003
535.1814933201
558.4614986040999
496.19745474010006
474.15454450809995
443.1862829601
394.68139822809997
391.22031290409996
378.0259715520999
363.3899625841
385.05781195210005
381.54551157610007
374.96798152810004
363.0774000681
391.34295411209996
392.3802377881
394.19283140409993
373.6833081921
376.41393393209995
371.64860967609997
369.6963717001
385.3011742281001
387.9950518081001
382.82796468009997
341.1220608601
355.42392023609995
330.9048408241
292.82704659609993
255.8109149281
201.57440133610004
169.2598398001
131.10914108410003
112.52733025209999
86.2556130121
71.3617768081
72.63794938410001
68.98946988009999
73.5819124401
68.01779234409999
58.04809434490001
59.1994825744
64.87480916009999
74.5906868281
83.3256783241
98.09694127209998
103.4795528001
112.62282151209999
131.2488718321
110.1888984681
82.39537829609999
81.9475752001
93.50290469609999
107.4392367841
111.1799427561
100.02580166409999
116.60306692409999
123.44076595210001
158.86812640410002
178.74058897209997
189.8633212281
231.3103350321
232.57439515209998
218.65507326009998
192.4015893921
163.4048333401
153.41770271609997
129.24483858809998
133.3283593041
153.17502943210002
201.99771450809996
233.33448458409995
231.01537665610005
219.6854588041
216.85772668809997
259.7090179401
238.75163352809997
231.44114997610004
213.24439635209995
179.1579573001
169.3301010361
171.12014806409996
204.94756968009997
229.91020058410004
247.12437363609996
238.5013833801
256.6913461281
264.3450005161001
244.27470590410005
266.9397201241
262.49475885609996
251.66935152810004
271.7384105601
267.01161344009995
284.35031403610003
278.70933526810006
270.0333006361
268.8022551361
270.66797496009997
273.25379355210003
273.32653210809997
258.4599613561
240.42022014010004
220.62913588810002
173.9969408241
145.85368746010002
152.8163243721
185.0494988241
204.18095085610003
169.6972577041
141.88359402010002
154.40771268810002
169.2650438361
177.5953357201
190.8953959201
212.36329383610004
263.9581853041
271.23421925610006
300.2592374401
305.91374235210003
299.1478108921
276.5598934081
271.54063268010003
290.9272624281
311.8222690801
328.8597275601
319.82636801610005
308.6940066961001
335.93354568009994
345.68812143610006
349.35684538809994
328.6167702841
314.1681805441
311.6139337081
308.41295565609994
329.71986407610007
338.2947239841001
379.64145367210006
377.5866899281
389.21331768010003
341.5211184841
320.7892341481
363.9811493241
388.9332235321
425.5180970481
390.72203355610003
328.3811512640999
291.1217400441
258.4085185081
217.95768429210003
182.8225790161
153.75231209609998
106.53522012810001
65.5207683601
49.11262464159999
42.777355393600004
39.71608628490001
41.80928532010001
63.56697495209999
67.00388364809999
80.08979150409999
75.2675969761
73.79651844010002
62.236478780100015
55.76445235360001
42.18255693609999
40.37318892009999
40.99840900000001
48.94303656489999
58.224530249999994
61.23281601959999
56.273102371600004
60.01864300890001
57.11293443609999
66.2789746161
64.1118888601
66.14877957610001
64.10708475610001
67.1529441961
73.70720438410001
93.22655605210001
93.4178307841
75.2467767601
68.27039350809999
57.34169610490001
49.46505825959999
45.60260382089999
37.768768096900004
43.03622404
49.39404904810001
54.908989203599994
54.13133476
43.936084264899996
43.62893124839999
48.246082483600006
66.03496391609998
93.74286676810001
141.42418299609997
173.56982166810002
201.2082673441
205.7242307481
229.12543887210003
222.82100129609998
207.3856327921
182.0499849081
176.29970728409998
166.8460472721
192.57362686810004
177.2090777601
166.9442300761
181.13095308009997
194.24805254410003
207.61611103209998
200.5874531521
190.21071305609996
191.2022452081
188.5098794121
166.27045126810003
182.0041129921
188.8807686921
177.84062777609998
144.67976032410002
144.2182426281
131.0267119561
150.8374529281
141.64784452810002
135.8551093761
115.0940606761
103.9582120801
127.3442283961
149.6313651121
186.7866156601
209.73672364409998
240.46984026810006
246.94205307210004
274.9557596041001
278.30880910810004
236.56870102410002
235.8862867881
250.43663853609996
214.90651089610003
217.19950653610002
252.4600032201
250.37017714810003
247.17468080409995
292.8612719761
322.16624202009996
340.81184398809995
358.9732726281
322.5827931481
282.48835861210006
244.1934403561
235.90164562809994
271.68895934010004
228.65945982010004
214.45230075609996
218.43332466009997
194.3539903881
191.9635189081
171.63593898009998
159.0446354641
163.9242348241
163.8039059881
160.16142714010002
176.7700543401
188.2298936961
190.78211751210003
181.5133758361
188.59776094810002
163.2284756881
164.3008676401
163.25913974410003
175.43770718410002
192.4626261481
189.0869757921
199.2188279601
197.39097916809996
177.55802350809998
169.6894417201
173.8096820161
191.70866989210003
195.41495722809998
201.21677830809998
210.9230477761
204.18952446010002
170.0778531321
172.6120364761
166.9313096361
169.67641548010002
181.48373712810002
191.51487643209998
197.48371735210003
190.5943152481
186.1693784721
162.8632840041
170.22655746810003
179.4284361081
168.4100557441
137.0863963921
157.5022490001
152.09770918409998
165.56200506809998
162.1519545321
148.92028682410003
151.3586417841
157.81113004410003
161.6938584921
185.68940570409998
188.2957539681
196.36949397610005
193.81623680410004
198.43483515610004
180.86457298809998
174.02332340409998
172.84597546810002
179.32664786409998
199.9506293521
206.59434009210003
215.04140120410003
200.26466922009996
198.97613269209995
171.18556076410002
148.9105243521
144.3407613561
127.19305844010002
128.1512297521
122.87922030809999
102.6916730161
104.5504205001
98.5868282281
110.29599479610002
121.68053419209998
127.81184305209999
135.71527709609998
150.70975143209998
134.0151207201
123.4785441681
90.8016504201
51.4998557956
25.996129849599996
6.786858625599998
2.1375902025
2.531090083599999
0.9526345609000003
0.019254337599999997
1.280056908816
1.4119808398239997
0.46313469159999987
0.25934574760000006
0.09086607359999996
0.2486119321000002
0.01724494240000003
0.09315924840000003
0.2617447920999999
0.6175759396
2.4615727236
5.851077209999999
8.904375360400001
9.163879296100001
11.094495105600002
16.0723215409
2.2769301025
1.0821200624999998
0.2876069640999999
1.9212177663999999
8.7261750801
17.490044052099996
19.565671356099998
41.2280852281
56.801997624100004
68.41953199209999
75.3495177681
63.8035110441
70.32348652809999
70.46276152410002
77.2133021521
87.81208005609997
75.37035219209999
62.894574972099996
53.57376274810001
40.671358308100004
33.4721259601
24.3128872561
15.0987422041
11.431228620099999
8.511281108099999
4.5663843481
5.903004752099999
4.7184962841
5.858868660100001
7.082038664100001
8.8078961961
9.0210723201
5.7638886561
4.399109432168148
5.9278127840999995
7.1524688481
8.1493691841
4.057764654832359
2.719999174564
0.9074467599999998
0.03534776009999992
3.5817076515999995
1.1387877796000003
0.028815062500000023
0.06104852639999998
1.1953923556
1.668705902656
6.383758092099999
11.4528773241
13.241665988100001
7.203909680099999
7.2055201761
8.655422840099998
4.049687753548961
3.3607542316959993
8.876883948100001
7.6364348281
10.459467492100002
8.716134336099998
7.6668625881
3.525261594624
5.263858376099999
9.1888403161
15.760979400100002
30.5633171281
41.4338103481
52.67870916009999
54.6817359841
66.29558368410001
69.2508573241
42.488365256099996
42.419299260100004
31.947477884100003
24.4640041321
32.518620300100004
36.7891984681
32.5848030561
33.992514696099995
31.689131076100004
23.477028996099996
32.699069256099996
46.06893450810001
58.712527008100004
68.16170112009999
73.6028442241
91.3517319961
107.66365873210002
149.03794977209998
180.34099539209998
169.9479856881
145.93630576810003
128.68202531609998
98.96887185609998
81.20911479210002
72.89249204410001
52.326560364100004
57.1310734201
75.40855611610002
63.960166200100005
56.4889031281
51.77104694410001
64.1074050241
64.5597787081
46.7843688081
53.338336956099994
66.2597628001
52.2499111281
55.9909489441
76.50143718010001
76.36330473210002
75.6327648241
80.82927006010001
74.43220330810001
75.0442770961
80.93179436409999
81.44178074009999
64.22275348809998
44.4210253081
48.2692847121
56.521977972100004
56.49040632009999
69.8446304361
72.51050439609999
51.0583131601
49.0197419881
60.9259863601
79.7093625601
64.01776123210001
59.65569616409999
69.3440918361
60.8245569801
57.915296244100006
55.4400865561
53.6894718361
59.462759664100005
59.0009870641
70.82585795610001
77.9779068601
60.837036036099995
74.7863473681
88.93829110410002
100.6211616201
101.0690419561
119.93338098809998
102.7549169761
102.42472266009999
115.08805296809999
127.74673230009999
137.8841926081
137.23208745210002
119.96842806010002
127.2634428321
125.8392611961
135.7786588081
140.17873288410001
133.5251891961
149.9819058241
151.01976678009999
104.0320441521
90.0564938361
89.5693780921
91.3077713601
83.2201887001
44.3397506161
54.0270570961
56.933212068100005
78.44839755209998
108.74130696810002
141.3723378001
164.3911186801
157.0111747681
152.3079325161
158.2516196361
166.26065152409998
158.85854728810003
130.1814822841
115.3113016561
119.11997992410001
116.8282118641
138.7592117521
158.1560275201
175.73505738010002
156.6104576481
111.42723592810002
78.08921097609999
34.6945738441
15.133733844099998
3.1915358011689996
0.6824907769
0.14494771839999995
0.6210070416000001
6.8484273025
15.839206022499999
6.309340185600002
4.8730121000999995
1.3298241123999996
0.1307400964
0.20158304039999994
0.00016435240000000137
0.006168531599999974
0.19788262559999992
0.3701992336000001
0.3019722304
2.4609765625000004
4.410042000100001
0.4796255025
1.236737495569
2.400160070025
1.3736121281440001
2.8250684704360003
2.55744064
0.7715689921
0.03143174410000006
0.5491995663999999
3.2828620256889995
2.2108002393760002
6.8696934201
12.6224588961
21.401818964100002
33.3160994401
48.1831727881
60.2860626481
63.7060981921
77.0955997681
80.89401469209999
52.1025556041
31.860493140100004
20.5835523481
12.3841351921
4.33958266672225
2.809472117904
6.9960779001
11.746453836100002
8.4088980361
5.504232132099999
5.831307336100001
4.6877013121
3.437460613521
3.002983999744
5.2285852921
8.8055221081
13.529964456099998
17.9090622481
23.906330148099997
32.6739135321
42.808362696100005
36.728569368100004
34.635696744099995
52.018858008100004
50.51243398410001
39.0088934041
35.09152491609999
32.6282006521
30.329361984100007
23.332860768100005
23.802787016099998
23.3763547081
19.5621328681
10.9654361881
20.723526336100004
20.457619460100002
19.167847172099997
18.315917684099997
17.6392440081
15.433190820100002
25.839023904099992
32.5106372761
32.9775696121
40.85523507610001
53.06262904810001
39.4586241921
23.233460412099998
18.9896364441
22.5540457921
30.574374948100004
40.15135898009999
41.62843304009999
43.5007521601
64.3670848681
75.42592473609997
82.74467488809998
60.8136388561
67.47817454010001
65.49842947209999
57.8544305641
64.2756561841
60.2379329161
54.825287448100006
59.70359277610001
51.7681689001
51.4477687441
53.0771988681
56.011902492100006
87.06588142809998
98.8097628961
101.05094680810001
87.2488633041
88.61417052009998
93.4626831121
110.67061040009999
116.32075474409999
131.93761468809998
145.7044540561
131.02488049209998
121.17628416010001
142.0484969281
170.7153909561
150.99027459610002
99.65250241210002
86.03323066810002
90.93930116410002
76.16768530809998
73.5616697761
78.8456978401
93.54390867610002
89.11190080810002
136.0654593841
158.2189138201
135.6575007841
133.7772137641
96.73922407209999
69.0180454441
49.8112704441
51.41477956810001
54.8993565481
60.536335860099996
48.7428781921
39.625891908099995
27.1306598641
26.8781070481
30.6263734921
35.4264230401
35.6792377041
45.912956328099995
55.4281739001
55.2065346121
61.8615283441
44.0339743561
30.5168961241
24.652317312100003
22.838936580099997
32.7803196681
48.72333164409999
55.95354164409999
61.907154972099995
78.08921097609999
72.58716243609999
69.67424535210002
98.70243670810001
105.05655508410001
123.1525087081
147.90475779209999
163.1625577201
182.6798231281
211.14153310409998
206.4828176401
221.84642814010002
204.2586914481
217.99961433610002
216.3902782441
