0.08752722249999983
2.2619859201
9.052396038400001
23.3391407236
44.91506149690001
42.2626109409
52.0702230409
42.7803640489
21.708331008400002
9.660534259599999
3.2154227856000013
2.228750409999999
6.928055694400002
15.347981522499994
18.244772532099994
31.403358976899998
27.365139568899995
29.7337912369
42.98336506890001
44.04937078090001
38.47063410090001
45.129777336900005
28.7035563049
33.95124863290001
52.01828101690001
48.224274696900004
42.16904881290001
39.840965280899994
40.0039805169
50.992024356900004
32.55238792089999
36.26050958889999
43.81473533289999
45.5945006169
37.96001576889999
33.84295720089999
22.741453439999997
18.6484921921
15.714405939599997
26.068887292900005
34.6693683249
31.292500360899997
40.990341616900004
67.37897974089998
79.10803883289998
87.45934288090002
78.79527028890001
75.5051509969
65.18414726889999
35.39738318490001
30.885472800899993
33.04260799290001
36.136569276900005
48.50384238089999
51.0048787329
42.4109630169
40.33481994089999
38.27117377689999
36.7547550049
45.462250204899995
40.5625050769
32.9748132169
25.759380636900005
23.4057602025
30.140868604900003
39.223540636900005
53.56000314090001
55.28621412089999
50.4393982849
44.7945088369
48.3924748609
46.87415146089999
48.29096368889999
40.12297643289999
30.455718568899993
17.502927322499993
7.303398150400002
6.950552232100002
9.791204228100003
19.851747580900003
35.240488776899994
36.14017618889999
30.911042452899995
20.1768062596
16.640280562499992
7.8987978304
5.269090702499999
4.386972140099998
7.932165288100002
8.0919767296
6.626711577599998
9.1785367521
7.8747023161
9.860542022499995
8.438734502500003
8.512389760000001
5.6165682049
4.669791340899999
5.78450601
10.208344502499996
11.220490089999997
9.441546744099998
11.063872537599996
14.533707536099994
13.504081544100005
6.403986972100001
5.0836269961000005
9.476608128100004
6.2530003600000015
5.4352394496
6.3452602404
7.810292196100001
5.5919952676000015
6.9214243396000015
12.811818009600003
5.914915843599999
5.132354320899998
10.617105392099996
10.053401904100003
11.5710866569
11.528062089999999
9.889452562499995
10.5419050489
7.821866497599999
7.347569209599999
7.3287152656
8.893934352899999
8.329977268899999
8.0058438916
9.605164608399999
4.747387322499999
2.3904870544000003
0.22384253439999977
0.057451296100000195
0.009676656900000014
0.09825717160000004
0.004209414399999949
1.3849523855999997
0.4313336976000003
0.11346792250000007
0.0021752896000000015
0.5314410000000002
0.08608942809999984
0.10472990440000002
0.4009422399999994
0.1581971075999998
0.23164969000000005
2.1900448144
0.17896284160000026
0.0006405961000000084
0.2784356288999996
0.9928926735999996
0.7167654243999995
0.26262550089999953
0.34452204160000044
0.06495871690000019
1.2586596100000003
0.06604899999999983
1.7998905599999993
2.3549971600000004
3.4543196163999994
6.5073969216
10.8615066624
9.4417925625
8.675911340100003
4.695628963600002
0.38616281639999955
0.3703452735999997
2.4020970168999995
6.7338693009
11.090098832399999
8.012239748099999
7.723174483599999
10.023492680099999
10.2697175296
12.445584508899998
16.906356486756003
18.760748751424003
12.817903644100001
16.162442224515996
17.577634819761
16.665058985795998
12.508246889999999
22.019847185960998
30.901702744900003
40.904083096899996
45.097000084899996
44.6709099769
49.7099732809
47.66563024089999
45.833306200900005
44.5894069009
41.2244895969
44.819409772899995
51.6979694169
53.4935720449
57.968884512900004
58.7342902689
61.97515410489999
59.946770800900005
32.01104030889999
18.758279952888998
12.813679344400002
17.755562650225
20.318719201640995
24.9953002209
26.868983260900002
21.721975347856
10.6881917184
10.750332712899999
14.2092810304
16.268936709528997
15.1034831424
15.711607381369
11.9588705856
12.868075584099998
15.5396793616
17.173772015624998
16.267089429504004
12.436061190400002
16.527924357025
19.239110110081
14.644245168400003
16.244349863184
20.102946944160998
18.302986683601
14.7941775424
12.0969013636
17.873024522499996
20.8523742736
16.275431255524
13.659381139599997
13.9951558201
21.964388277924
23.96213030374641
16.631046421923998
15.09711025
14.525626562500001
10.8989778496
18.136832317695998
16.543970535184
10.413141763599999
9.785572676100001
14.1016772484
11.991676409999998
14.8802291001
13.712653363599998
18.792693182915997
22.779772569855997
19.3501452544
17.925248727684
16.683091236036002
15.777991511104
15.0407454976
15.854404734081
19.4183879569
20.842703675161005
21.159779200575997
15.724484398921
11.70803089
7.764749440899999
7.7912440384
13.800630606400002
14.660168899599999
11.827202464900001
5.7493968841
0.7075333224999998
0.1576804681000003
0.5074710169
0.5957987344000005
0.4451424960999996
0.23672117159999975
0.06761560089999977
0.21461909289999964
0.34513275040000024
0.41451706890000045
0.031325460099999994
0.02668975689999986
0.2773075600000002
0.24569866240000013
0.3776471209000003
0.15401700250000014
0.7194602040999999
0.5331336255999995
0.024517296399999982
0.2570489999999997
0.6693694225000002
0.2794708224999998
0.22550151690000012
0.5321702499999997
1.1643704836000002
0.5728521969000002
4.3602033721
9.442345665600001
17.585056450116
22.673872600680998
22.265686134409
20.910929685409002
14.73331456
18.821862065888997
19.011657975696004
11.6973576196
12.333933280899998
9.960399120100002
9.481842147599998
11.2564947049
10.120669690000001
19.548026329225
17.77802896
14.214106425599997
16.194362705284
24.875455500899996
17.3959063056
11.897739476099998
18.600407726761002
15.417166660900001
12.9682092996
14.180345862399998
15.768507437764
18.308343380625004
17.467543177561
14.1113673801
14.014540959999998
20.722306334976
21.977569024576002
19.521215831523996
17.652350160899996
17.034869438224
21.054460728196
22.455069187684
21.583615597489
17.362047234841
14.254475760099998
13.8229291264
15.710846343480998
17.989117684164
16.6324493241
13.3686759424
12.768687288899999
17.074225617409
14.94131716
12.46937344
14.639500345599998
14.7604261249
17.794502032609003
14.7776429889
15.065498844899999
16.562213908900002
15.2884910025
19.459029515121003
16.854892131840998
15.331140249999999
15.374241000000001
10.350954944100001
8.2219254121
2.961462392099999
1.5919373583999998
0.2418770761000001
1.2490968169000003
0.5686517280999995
0.9856518399999998
0.0687855529
0.001985593599999974
0.033778764100000046
0.3374912836
2.8245171968999996
6.4538862025
7.400195308900001
5.804485562500001
6.406416588099999
7.813366657600001
10.6879301776
10.2359683969
14.421310051599997
11.475224000099999
6.4808430625
4.7661439224999995
2.7638730001000003
4.993303084900001
6.604437408100001
8.8549690329
8.745859875599999
12.701240654400001
17.535340500483997
16.035587766916
14.239755073599998
16.202259191209002
16.468540841024996
20.839380210289
20.899005400849003
25.039315444899994
30.608888200899994
37.800732132899995
44.433289588899996
49.846847652899996
42.2633910609
37.2542991769
36.824628988899995
44.7524874729
52.426722796899995
55.291567788900004
48.216775068900006
54.11264857690001
53.7615967729
48.9808218769
61.6480936569
53.942120920899995
52.365919144900005
42.5068792729
34.5018788689
33.19177111290001
28.557587844900002
18.758011426703998
13.8834486025
19.419947935249
28.4700146329
32.0563189489
39.465157336900006
49.4691375649
55.16968741690001
48.7124431249
43.7731761769
44.2375302769
50.333774836900005
48.0793852449
52.3037043369
50.8886769769
49.44100784490001
57.0407094009
60.151347832899994
59.6019512529
55.7311520089
50.6264979529
54.2495590849
44.230879396899994
59.510887348900006
62.2115520049
56.385531540900004
54.3070246489
50.603731776900005
67.18310404089999
55.15483315689999
39.335851548899996
54.4973197729
61.419039220900004
54.2112656089
45.9864365689
54.2053755049
58.7864158729
50.58950551689999
53.6223746529
60.437097256899996
61.0746939009
64.7369895649
57.4902117729
43.00906909690001
47.6255952769
54.645064372899995
44.1112490569
37.766309884900004
33.9589404049
50.59377318490001
54.8700192049
51.6318413809
49.1489329969
45.55345544890001
52.6891612129
49.168564720899994
46.2594500449
60.320541556900004
51.6102870409
52.0581009169
53.045439232899994
51.27462199689999
50.6948272009
51.032878312899996
57.626772912899995
55.120675948899994
55.9418731249
58.596422328900005
44.450622436900005
56.5463392729
51.5226790849
54.5253758569
56.390037048900005
43.6039670889
56.611027440899996
57.8075857969
45.286574020900005
52.573085532899995
59.424518212900004
60.225825880900004
63.3986990289
70.11432996489998
52.097069908900004
47.0984356089
55.743097176899994
55.2662888569
43.687208736900004
46.48416948490001
56.904844860900006
60.392015712900005
39.8720262249
45.39026807290001
47.7733939489
58.75575095289999
52.4803171489
49.1096813089
37.2067060729
36.424001152900004
47.6117940169
48.7166308729
61.12002948490001
56.585448628900004
46.32885064090001
49.6944633249
59.699265840900004
72.53298655689998
65.86831976490001
58.54438104489999
58.2204098529
65.09794898889999
68.44302538090001
68.44964396489999
74.75037638890001
65.79205211289998
59.147327932900005
51.9802066729
38.6328131809
31.5409161769
30.411144036900005
29.1732855129
28.580036760899997
32.199155824900004
31.355856136900005
20.966938787088996
13.283473622499999
10.8253502361
6.8316890625
6.295632992100001
7.0808145603999995
8.6496574609
5.408554896899999
2.6810787599999997
1.1131094016
0.8691459983999992
1.0798950724
2.5901361721
5.049053940099999
8.3293423236
6.862042202499999
6.996924328899999
9.2687366916
6.774151398400001
6.187954753599999
8.7640273681
7.44362089
1.9883820099999998
0.9740110864
0.3640312224999998
0.9705402256000001
1.8280662435999995
3.4043202063999995
3.9729259684
3.28443129
2.1204310689000003
0.7285817449000006
0.1451914815999997
0.22134202089999974
0.1255284900000002
0.44013936489999994
0.0037908648999999605
0.00042807610000000404
1.5068299008999995
0.20193339690000003
0.20948013610000035
6.416009999999405e-05
0.04624220160000005
0.8440280640999999
0.5485920488999996
0.00610273440000003
0.5925458529000004
0.2644427776
0.3341302415999996
0.6881863849000006
0.017045913600000004
0.04294841759999985
0.0559369801
0.7470663488999997
1.2042209169000004
0.5696022783999998
1.0204434289
0.062465004899999996
0.43137310409999996
0.7864851856000005
0.3567792361000003
0.12806377959999973
0.33042952890000044
0.030258602499999863
1.5307875624999998
0.1400480928999999
0.002179022400000026
0.027728910400000074
0.10088246439999987
0.004738945599999971
0.0002979076000000095
0.02719201000000009
1.2517358160999996
1.7438787136000011
2.152030320400001
5.189830734400002
4.450960672899999
7.0859778025
6.3722419489
8.840453424100003
7.758007502400003
8.598500582399998
9.390608648099997
8.6210355456
11.242541940099995
9.362926812100001
8.29843249
8.2226709504
11.679237900099999
9.52648225
7.8980109156000005
6.970603236099998
5.7450816720999995
7.567450809999999
11.501526132100002
5.375627731599998
6.7704560401
6.4206492100000006
7.4623487928999985
6.411429126399998
5.090754312899999
9.9484729744
10.406882440899995
8.971402752900001
5.443728912399998
6.8896800323999985
8.078100840000001
9.260092441600003
10.563345016899996
8.856397440900002
7.932165288100002
6.114739840000001
6.614978241599999
12.674952836099997
9.003420324899999
7.890143923599998
6.4275432676
4.846558220099999
5.47700409
6.5721987769
13.337542243599998
10.180502676100005
8.1961391521
6.9522396241
7.260222470400002
7.947832256099999
7.9820940676
5.858626611600001
12.162586500100002
8.090611360000002
8.491803964899999
8.8412264964
9.0580533156
8.361177064899998
6.785035136099998
10.464448614399997
5.183772704100001
5.889309704100002
5.864776192900001
6.894773124100001
7.882505456399999
6.454140249999999
7.240996628099999
6.582919118399999
6.075929203600002
6.7786808880999985
7.8174482408999975
11.762224752099996
5.611497699599999
9.067506112900002
8.0557198276
9.801032035599999
8.741542692100003
7.8139816225
7.009573953600002
8.3860051396
7.3877958024999995
9.801032035599999
10.272281401599997
11.094028792900001
10.902939841600002
3.2996359200999996
4.658086227600001
9.048725772100001
9.488371302399997
10.313860710399995
8.570197700099998
6.0559795921
6.079725804099998
13.7226534481
24.13354050810001
38.00562211689999
32.2200411129
26.942016924900003
22.1447418724
22.17505772160001
25.22199062250001
35.85937759290001
33.051805864900004
22.82804173689999
13.615952400399996
9.144334081599998
12.6668369025
13.175448040000003
20.866624000000005
18.593947684899994
11.576734051600003
7.55810064
2.653803902500001
1.4296745760999998
0.4792100624999994
1.4592400000001197e-05
0.3257555625000004
0.5215150655999996
0.9775672383999996
1.3186388224
1.4115103249000005
1.5516937489000002
1.4563421040999995
2.195523792899999
3.1016845455999995
1.4763465025000004
0.31814112160000035
0.3076809960999999
0.3162825120999997
1.4218893048999997
3.869954528399999
2.6113590408999996
2.1094367120999995
2.2404701124
2.8880963136
1.3632430564000002
0.08747989290000005
0.11322552010000027
1.3504531681
0.6352249401000003
0.9100015236000004
0.0429276960999999
0.0015880225000000307
1.5997190400000003
1.1861605920999996
0.2534316964000002
0.011052316899999989
0.0016305443999999887
0.7009038400000003
1.2416644900000002
1.9501563903999999
0.34620279209999943
0.21013972809999978
0.48653415039999987
0.12827858559999986
0.18401526089999967
1.5327925636
1.3182254596000003
2.642705409599999
0.29534877159999956
0.11488032360000001
0.015443032900000025
0.023149622499999935
0.08550360810000017
0.7184257599999998
0.5612556889000005
0.9801792016
2.2404401761
0.2333276415999999
0.7461849923999992
0.2520642436000002
3.4115198209000006
6.830068633599999
10.661139219599997
15.5523753225
20.485047133681
17.831507771169004
10.9462384201
8.7154257961
13.0855104121
20.314274922496
16.390190310399998
12.974620120900001
18.640184535183998
16.607752218121004
17.696577292900002
12.258821587600002
11.470007827599998
22.584089161983997
26.733346384899995
16.807285909561003
12.6161356864
20.959695486976
30.143723508900003
32.312744424899996
31.617341784900002
27.997114912899995
24.912376912899997
17.880440589728998
9.682116792099999
3.0254427844000005
0.7444238400000001
0.5878595584000005
1.6885183249000002
3.6875520900000005
2.1927982560999997
1.0006801156
0.6929563536000001
0.10133398889999971
1.0549138680999997
4.7139791689
12.435920131600001
21.403160586025002
18.364516027456
14.4251078416
8.909210128899998
15.632218137599999
17.539226736196003
14.098222657600001
10.694600467599999
8.5526417601
12.168446188899999
19.635276431241
14.5093951744
12.5076810244
10.862824974399999
18.768407391504002
19.0290505729
11.977828809999998
10.3943049604
11.073387628899999
9.152016552899997
14.135644867599998
13.785403636899998
14.9893639921
14.717964960000002
11.7953781136
12.926829252100001
10.6840074496
10.0271022336
14.13985609
21.722021954720997
15.922797354243999
15.229506249999998
20.057204089728998
14.4510981316
21.153790455625003
19.381495563364
13.837953603600003
20.985386922360995
22.971181066276
32.518848400900005
35.951176564899995
40.666511620899996
43.1350773529
55.12661557290001
59.4183513889
53.896594444899996
59.5540954369
47.9588105529
44.4919682529
43.5062925649
57.1827853249
71.7380202289
64.1109280249
47.3155506769
47.4077692089
61.6057021449
52.619500444900005
73.0380472129
70.2818985649
60.4993062969
59.439936672900004
62.134279200900004
66.12828552490001
79.0468580889
88.12008707289998
95.97004074490002
128.94351940890002
138.6254276449
148.6065835849
156.3132564009
151.34978390490002
157.08185423289999
158.38549711689998
173.2179751129
177.80969032090002
173.71846285290005
162.22683844890003
146.4446080449
107.47945787289999
110.66682322889997
106.9699953169
90.76811147289999
95.9308590249
118.3924614889
123.22176628089998
115.1914932529
107.2059372409
122.1672615849
124.5663584649
120.1025303569
113.21236641689998
98.6849520409
82.0261696489
82.4959842529
108.16062400090001
118.4381653849
116.48733798490001
116.3923795609
101.88540406890002
105.24359296889999
127.55737245689998
139.2949934289
150.95636214489997
146.36958878890002
150.9760210729
152.1554321169
161.3466469729
174.84058865289995
205.40995033689998
183.1862092369
193.43608009689999
180.49734410490004
175.09985020090002
180.78496609690004
179.47773342490004
194.81543521689994
210.76158081690002
230.10553879289998
205.6622732649
207.2024939209
191.80671132490005
190.44082800089998
183.12666170490004
216.6969475969
220.36897772889995
230.03273224890003
220.55309206090004
188.06364777689996
181.09973072889997
164.03538621689998
189.0193274649
170.35548712089997
195.0946878169
202.53929245689997
206.48339242090003
204.03636985690002
175.7939212129
217.2832246809
217.89095887690004
213.7014193609
197.0017166329
148.7090008369
118.7714171329
94.45954414090001
91.04842812490001
82.33257611290003
72.7307069329
56.959171236900005
49.463510980900004
63.70322484489999
82.22372735290001
81.8577991009
53.125585012900004
37.668047004900004
28.9727057169
24.138600741024998
23.286058266968997
19.540369361600998
20.831602147225
10.3902430921
9.493670192399998
15.085222960899998
16.413477336025
14.8673478724
18.592360876996004
32.4607086049
45.468453580900004
36.8926256449
29.2262415769
26.781970516900003
25.2589671889
22.681034776521
15.0555640225
14.72026689
11.7545436801
6.102925568099999
2.0345599044
